epoch,global_step,train_loss,train_accuracy,train_perplexity,learning_rate,val_loss,val_accuracy,val_perplexity,model_type,encoding
0,5,5.637523651123047,0.0,280.7665710449219,0.0005,4.530415058135986,0.0,92.79706573486328,transformer,embedding
1,10,3.785360097885132,0.0,44.05152893066406,0.001,3.1830031871795654,0.0,24.11907958984375,transformer,embedding
2,15,3.0285558700561523,0.0,20.6673641204834,0.001,2.8448944091796875,0.0,17.199743270874023,transformer,embedding
3,20,2.724135637283325,0.0,15.243232727050781,0.001,2.547685146331787,0.0,12.777491569519043,transformer,embedding
4,25,2.467927932739258,0.0,11.797975540161133,0.001,2.426809072494507,0.864389955997467,11.322694778442383,transformer,embedding
5,30,2.3885812759399414,1.5306122303009033,10.898021697998047,0.001,2.3856029510498047,0.864389955997467,10.865612030029297,transformer,embedding
6,35,2.3513872623443604,1.4455782175064087,10.500125885009766,0.001,2.358137369155884,0.864389955997467,10.571242332458496,transformer,embedding
7,40,2.328944206237793,1.5731291770935059,10.267095565795898,0.001,2.3424320220947266,0.8927306532859802,10.406515121459961,transformer,embedding
8,45,2.316410779953003,1.1479592323303223,10.139217376708984,0.001,2.3315930366516113,0.8077086806297302,10.294327735900879,transformer,embedding
9,50,2.3079590797424316,1.4455782175064087,10.053884506225586,0.001,2.3254168033599854,0.8218790292739868,10.23094367980957,transformer,embedding
10,55,2.3027849197387695,1.65816330909729,10.001998901367188,0.001,2.3210577964782715,0.949411928653717,10.186443328857422,transformer,embedding
11,60,2.298166036605835,1.7006802558898926,9.955906867980957,0.001,2.319641590118408,0.8785603046417236,10.172027587890625,transformer,embedding
12,65,2.295125722885132,1.5306122303009033,9.925683975219727,0.001,2.3190109729766846,0.8218790292739868,10.16561508178711,transformer,embedding
13,70,2.291856288909912,1.062925100326538,9.893285751342773,0.001,2.3157029151916504,0.8785603046417236,10.132041931152344,transformer,embedding
14,75,2.288597822189331,1.360544204711914,9.861101150512695,0.001,2.316138982772827,0.8077086806297302,10.13646125793457,transformer,embedding
15,80,2.2847683429718018,1.8707482814788818,9.823410034179688,0.001,2.318723678588867,0.8785603046417236,10.162694931030273,transformer,embedding
16,85,2.281214714050293,1.5306122303009033,9.78856372833252,0.001,2.3180532455444336,0.8502196669578552,10.1558837890625,transformer,embedding
17,90,2.275904655456543,1.7857142686843872,9.736722946166992,0.001,2.31860089302063,0.8927306532859802,10.161447525024414,transformer,embedding
18,95,2.269138813018799,1.9132652282714844,9.67106819152832,0.001,2.3222289085388184,0.7085163593292236,10.198380470275879,transformer,embedding
19,100,2.260108232498169,2.551020383834839,9.584126472473145,0.001,2.328233003616333,0.7651976943016052,10.259796142578125,transformer,embedding
20,105,2.245358467102051,3.018707513809204,9.44379997253418,0.001,2.342602252960205,0.6660053730010986,10.408286094665527,transformer,embedding
21,110,2.220491886138916,4.166666507720947,9.211860656738281,0.001,2.3615598678588867,0.5526427626609802,10.607484817504883,transformer,embedding
22,115,2.186527967453003,5.527210712432861,8.904243469238281,0.001,2.406010150909424,0.5243021249771118,11.089627265930176,transformer,embedding
23,120,2.1457011699676514,5.994897842407227,8.548032760620117,0.001,2.449436664581299,0.453450471162796,11.581820487976074,transformer,embedding
24,125,2.103717803955078,7.908163070678711,8.196586608886719,0.001,2.470186948776245,0.6518350839614868,11.824657440185547,transformer,embedding
25,130,2.055051803588867,9.693877220153809,7.807242393493652,0.001,2.500776529312134,0.5526427626609802,12.191957473754883,transformer,embedding
26,135,2.00787091255188,11.73469352722168,7.447444438934326,0.001,2.507498025894165,0.6093240976333618,12.274182319641113,transformer,embedding
27,140,1.9534292221069336,15.561223983764648,7.052832126617432,0.001,2.54315447807312,0.6518350839614868,12.719732284545898,transformer,embedding
28,145,1.9000335931777954,16.66666603088379,6.686119079589844,0.001,2.545301675796509,0.7085163593292236,12.74707317352295,transformer,embedding
29,150,1.8426122665405273,20.705781936645508,6.313007831573486,0.001,2.5828866958618164,0.9210712909698486,13.235289573669434,transformer,embedding
30,155,1.7890609502792358,23.25680160522461,5.98383092880249,0.001,2.5940630435943604,0.9210712909698486,13.384040832519531,transformer,embedding
31,160,1.730812668800354,25.595237731933594,5.64523983001709,0.001,2.6109821796417236,1.1761372089385986,13.612414360046387,transformer,embedding
32,165,1.6745431423187256,28.2738094329834,5.3363566398620605,0.001,2.629633903503418,1.2469887733459473,13.868691444396973,transformer,embedding
33,170,1.6114732027053833,32.39795684814453,5.010186672210693,0.001,2.6527373790740967,1.3886921405792236,14.19283676147461,transformer,embedding
34,175,1.5530939102172852,34.18367385864258,4.726069450378418,0.001,2.674705743789673,1.4595437049865723,14.50808048248291,transformer,embedding
35,180,1.485616683959961,38.350341796875,4.417688846588135,0.001,2.684081792831421,1.8421425819396973,14.64474868774414,transformer,embedding
36,185,1.4191482067108154,41.07142639160156,4.1335978507995605,0.001,2.712329387664795,1.813801884651184,15.064325332641602,transformer,embedding
37,190,1.3467373847961426,44.43027114868164,3.844860792160034,0.001,2.714980363845825,2.1113789081573486,15.104313850402832,transformer,embedding
38,195,1.2825907468795776,48.086734771728516,3.6059699058532715,0.001,2.743901014328003,2.4372963905334473,15.547517776489258,transformer,embedding
39,200,1.2106201648712158,52.12584686279297,3.355565071105957,0.001,2.760199785232544,2.593169927597046,15.802999496459961,transformer,embedding
40,205,1.1370850801467896,55.782310485839844,3.1176674365997314,0.001,2.7912228107452393,2.6923623085021973,16.300941467285156,transformer,embedding
41,210,1.0690466165542603,61.01190185546875,2.9126012325286865,0.001,2.8022501468658447,3.0891313552856445,16.481691360473633,transformer,embedding
42,215,0.9921039342880249,64.83843231201172,2.6969025135040283,0.001,2.8323822021484375,3.3441972732543945,16.985876083374023,transformer,embedding
43,220,0.9276605248451233,69.47278594970703,2.5285866260528564,0.001,2.844686269760132,3.698455572128296,17.196163177490234,transformer,embedding
44,225,0.8574232459068298,71.68367004394531,2.357079267501831,0.001,2.8672635555267334,3.9818620681762695,17.588821411132812,transformer,embedding
45,230,0.7872560024261475,76.4455795288086,2.1973586082458496,0.001,2.88413405418396,4.180246829986572,17.888071060180664,transformer,embedding
46,235,0.7196057438850403,80.31462097167969,2.0536234378814697,0.001,2.914372444152832,4.166076183319092,18.437238693237305,transformer,embedding
47,240,0.656882107257843,84.05612182617188,1.9287692308425903,0.001,2.9321088790893555,4.7045488357543945,18.767166137695312,transformer,embedding
48,245,0.6025717854499817,85.96939086914062,1.8268109560012817,0.001,2.9649853706359863,4.435312747955322,19.394418716430664,transformer,embedding
49,250,0.5371246933937073,88.81802368164062,1.7110799551010132,0.001,2.980790615081787,4.973784923553467,19.703388214111328,transformer,embedding
50,255,0.47649699449539185,91.8792495727539,1.61042320728302,0.001,3.0083000659942627,5.016295909881592,20.252941131591797,transformer,embedding
51,260,0.42956721782684326,92.94217681884766,1.5365923643112183,0.001,3.0393412113189697,5.398894786834717,20.891475677490234,transformer,embedding
52,265,0.38110995292663574,95.15306091308594,1.4639085531234741,0.001,3.0584280490875244,6.093240737915039,21.294057846069336,transformer,embedding
53,270,0.33679360151290894,95.87584686279297,1.4004499912261963,0.001,3.0928597450256348,6.1074113845825195,22.040016174316406,transformer,embedding
54,275,0.30082812905311584,97.40646362304688,1.3509771823883057,0.001,3.1213719844818115,6.220773696899414,22.677471160888672,transformer,embedding
55,280,0.2644852101802826,97.53401184082031,1.302760124206543,0.001,3.138573408126831,6.5750322341918945,23.07093048095703,transformer,embedding
56,285,0.22585825622081757,98.59693908691406,1.2533979415893555,0.001,3.1678402423858643,6.5750322341918945,23.756120681762695,transformer,embedding
57,290,0.1949317902326584,98.85204315185547,1.2152280807495117,0.001,3.201956272125244,6.6600542068481445,24.580570220947266,transformer,embedding
58,295,0.16875462234020233,99.19217681884766,1.183829665184021,0.001,3.2215499877929688,7.127674579620361,25.066944122314453,transformer,embedding
59,300,0.144282728433609,99.19217681884766,1.1552106142044067,0.001,3.2599287033081055,7.028482437133789,26.047679901123047,transformer,embedding
60,305,0.12410005182027817,99.48979187011719,1.132129192352295,0.001,3.273451089859009,6.929290294647217,26.402299880981445,transformer,embedding
61,310,0.10730424523353577,99.53231048583984,1.1132729053497314,0.001,3.286039352416992,7.396911144256592,26.736759185791016,transformer,embedding
62,315,0.09187529981136322,99.5748291015625,1.0962281227111816,0.001,3.3052291870117188,7.581125259399414,27.25478744506836,transformer,embedding
63,320,0.08223564177751541,99.65986633300781,1.0857115983963013,0.001,3.3329858779907227,7.566955089569092,28.021886825561523,transformer,embedding
64,325,0.0702572911977768,99.70237731933594,1.072784185409546,0.001,3.3578760623931885,7.850361347198486,28.72810935974121,transformer,embedding
65,330,0.0618736706674099,99.8299331665039,1.0638279914855957,0.001,3.3661768436431885,8.119597434997559,28.967567443847656,transformer,embedding
66,335,0.05465424433350563,99.70237731933594,1.0561753511428833,0.001,3.3976027965545654,7.609466075897217,29.892356872558594,transformer,embedding
67,340,0.047855909913778305,99.8299331665039,1.049019455909729,0.001,3.4116039276123047,8.346323013305664,30.313825607299805,transformer,embedding
68,345,0.04338022321462631,99.8299331665039,1.044334888458252,0.001,3.423891305923462,7.992064952850342,30.688602447509766,transformer,embedding
69,350,0.041186366230249405,99.87245178222656,1.042046308517456,0.001,3.4458584785461426,7.992064952850342,31.370203018188477,transformer,embedding
70,355,0.03785247728228569,99.87245178222656,1.0385780334472656,0.001,3.466010808944702,7.935383319854736,32.00879669189453,transformer,embedding
71,360,0.03531625494360924,99.87245178222656,1.035947322845459,0.001,3.4713470935821533,8.247130393981934,32.18006134033203,transformer,embedding
72,365,0.03098038211464882,99.95748138427734,1.0314652919769287,0.001,3.4818098545074463,8.303812026977539,32.518524169921875,transformer,embedding
73,370,0.0265780221670866,99.91496276855469,1.0269343852996826,0.001,3.502399206161499,8.346323013305664,33.19499969482422,transformer,embedding
74,375,0.02344745583832264,99.91496276855469,1.0237245559692383,0.001,3.5135087966918945,8.275471687316895,33.56583786010742,transformer,embedding
75,380,0.02096756361424923,99.95748138427734,1.0211889743804932,0.001,3.5152246952056885,8.57304859161377,33.62348175048828,transformer,embedding
76,385,0.01911863312125206,99.95748138427734,1.0193026065826416,0.001,3.543458938598633,8.601388931274414,34.58634567260742,transformer,embedding
77,390,0.017282994464039803,100.0,1.0174331665039062,0.001,3.5522959232330322,8.502196311950684,34.89333724975586,transformer,embedding
78,395,0.01541401818394661,100.0,1.015533447265625,0.001,3.5590169429779053,8.473855972290039,35.12864685058594,transformer,embedding
79,400,0.014047983102500439,100.0,1.014147162437439,0.001,3.572167158126831,8.516366958618164,35.59364700317383,transformer,embedding
80,405,0.013076668605208397,100.0,1.0131624937057495,0.001,3.577263116836548,8.785603523254395,35.77549362182617,transformer,embedding
81,410,0.011921294033527374,100.0,1.0119926929473877,0.001,3.595982313156128,8.785603523254395,36.45148849487305,transformer,embedding
82,415,0.01086862850934267,100.0,1.0109279155731201,0.001,3.602900266647339,8.771432876586914,36.704532623291016,transformer,embedding
83,420,0.009988962672650814,100.0,1.01003897190094,0.001,3.613865613937378,9.012328147888184,37.10922622680664,transformer,embedding
84,425,0.00926478672772646,100.0,1.009307861328125,0.001,3.626128673553467,8.785603523254395,37.567100524902344,transformer,embedding
85,430,0.008571138605475426,100.0,1.0086079835891724,0.001,3.6348063945770264,8.91313648223877,37.89451599121094,transformer,embedding
86,435,0.008001026697456837,100.0,1.0080331563949585,0.001,3.643873929977417,8.91313648223877,38.239688873291016,transformer,embedding
87,440,0.007452947553247213,100.0,1.0074807405471802,0.001,3.657635450363159,9.054839134216309,38.769561767578125,transformer,embedding
88,445,0.0069476645439863205,100.0,1.006971836090088,0.001,3.665437698364258,8.955647468566895,39.07323455810547,transformer,embedding
89,450,0.00648628082126379,100.0,1.006507396697998,0.001,3.675624370574951,9.182372093200684,39.47329330444336,transformer,embedding
90,455,0.00610365578904748,100.0,1.006122350692749,0.001,3.682522773742676,8.99815845489502,39.74654006958008,transformer,embedding
91,460,0.005707095377147198,100.0,1.0057233572006226,0.001,3.692176580429077,9.16820240020752,40.132102966308594,transformer,embedding
92,465,0.005351743660867214,100.0,1.0053660869598389,0.001,3.7009663581848145,9.16820240020752,40.48640823364258,transformer,embedding
93,470,0.00503648491576314,100.0,1.005049228668213,0.001,3.711682081222534,9.040669441223145,40.922584533691406,transformer,embedding
94,475,0.00473766028881073,100.0,1.0047489404678345,0.001,3.719839334487915,9.16820240020752,41.25776672363281,transformer,embedding
95,480,0.004448062274605036,100.0,1.004457950592041,0.001,3.727302074432373,9.295735359191895,41.56681442260742,transformer,embedding
96,485,0.004194365348666906,100.0,1.004203200340271,0.001,3.7382261753082275,9.182372093200684,42.023380279541016,transformer,embedding
97,490,0.003934512846171856,100.0,1.0039422512054443,0.001,3.745680093765259,9.224883079528809,42.337791442871094,transformer,embedding
98,495,0.003695104969665408,100.0,1.00370192527771,0.001,3.7607908248901367,9.267394065856934,42.98240280151367,transformer,embedding
99,500,0.003481009043753147,100.0,1.0034871101379395,0.001,3.762512445449829,9.352416038513184,43.05646896362305,transformer,embedding
100,505,0.003275460097938776,100.0,1.0032808780670166,0.001,3.774430990219116,9.224883079528809,43.57270812988281,transformer,embedding
101,510,0.003082869341596961,100.0,1.0030876398086548,0.001,3.7817225456237793,9.451608657836914,43.89158248901367,transformer,embedding
102,515,0.002905390691012144,100.0,1.0029096603393555,0.001,NaN,NaN,NaN,transformer,embedding
103,520,0.0027405009604990482,100.0,1.0027443170547485,0.001,3.796323776245117,9.437438011169434,44.53715515136719,transformer,embedding
104,525,0.002575415186583996,100.0,1.0025787353515625,0.001,NaN,NaN,NaN,transformer,embedding
105,530,0.0024192086420953274,100.0,1.0024220943450928,0.001,3.8149573802948,9.437438011169434,45.374820709228516,transformer,embedding
106,535,0.0022745318710803986,100.0,1.002277135848999,0.001,NaN,NaN,NaN,transformer,embedding
107,540,0.00214389618486166,100.0,1.0021462440490723,0.001,3.833051919937134,9.494119644165039,46.203330993652344,transformer,embedding
108,545,0.0020348497200757265,100.0,1.0020369291305542,0.001,NaN,NaN,NaN,transformer,embedding
109,550,0.001914255553856492,100.0,1.0019160509109497,0.001,3.8520216941833496,9.522459983825684,47.088165283203125,transformer,embedding
110,555,0.0017967751482501626,100.0,1.001798391342163,0.001,NaN,NaN,NaN,transformer,embedding
111,560,0.0016973051242530346,100.0,1.0016987323760986,0.001,3.8662493228912354,9.649992942810059,47.76290512084961,transformer,embedding
112,565,0.0015983609482645988,100.0,1.001599669456482,0.001,NaN,NaN,NaN,transformer,embedding
113,570,0.0015068070497363806,100.0,1.0015079975128174,0.001,3.8836781978607178,9.67833423614502,48.602657318115234,transformer,embedding
114,575,0.001424826798029244,100.0,1.001425862312317,0.001,NaN,NaN,NaN,transformer,embedding
115,580,0.001344231772236526,100.0,1.001345157623291,0.001,3.904614210128784,9.820036888122559,49.63092803955078,transformer,embedding
116,585,0.0012678559869527817,100.0,1.0012686252593994,0.001,NaN,NaN,NaN,transformer,embedding
117,590,0.001196819357573986,100.0,1.0011975765228271,0.001,3.9215519428253174,9.735014915466309,50.47872543334961,transformer,embedding
118,595,0.0011289998656138778,100.0,1.0011296272277832,0.001,NaN,NaN,NaN,transformer,embedding
119,600,0.0010608909651637077,100.0,1.0010614395141602,0.001,3.935720205307007,9.919229507446289,51.19900894165039,transformer,embedding
120,605,0.0010043338406831026,100.0,1.0010048151016235,0.001,NaN,NaN,NaN,transformer,embedding
121,610,0.0009440841386094689,100.0,1.0009444952011108,0.001,3.9528090953826904,9.919229507446289,52.08146286010742,transformer,embedding
122,615,0.0008935228688642383,100.0,1.0008939504623413,0.001,NaN,NaN,NaN,transformer,embedding
123,620,0.0008419212535955012,100.0,1.0008423328399658,0.001,3.9712131023406982,9.905058860778809,53.04884719848633,transformer,embedding
124,625,0.0007981637609191239,100.0,1.0007984638214111,0.001,NaN,NaN,NaN,transformer,embedding
125,630,0.0007557211793027818,100.0,1.000756025314331,0.001,3.9856154918670654,10.075102806091309,53.81840515136719,transformer,embedding
126,635,0.0007144284900277853,100.0,1.000714659690857,0.001,NaN,NaN,NaN,transformer,embedding
127,640,0.0006757029332220554,100.0,1.000675916671753,0.001,4.001870155334473,10.018421173095703,54.70035171508789,transformer,embedding
128,645,0.0006349146133288741,100.0,1.0006351470947266,0.001,NaN,NaN,NaN,transformer,embedding
129,650,0.0006026254850439727,100.0,1.0006028413772583,0.001,4.017330646514893,10.131784439086914,55.55261993408203,transformer,embedding
130,655,0.0005668270168825984,100.0,1.0005669593811035,0.001,NaN,NaN,NaN,transformer,embedding
131,660,0.0005347527912817895,100.0,1.0005348920822144,0.001,4.03481388092041,10.004251480102539,56.53239822387695,transformer,embedding
132,665,0.0005069587496109307,100.0,1.000507116317749,0.001,NaN,NaN,NaN,transformer,embedding
133,670,0.0004817437147721648,100.0,1.0004818439483643,0.001,4.053714752197266,10.131784439086914,57.6110725402832,transformer,embedding
134,675,0.0004546407435555011,100.0,1.0004547834396362,0.001,NaN,NaN,NaN,transformer,embedding
135,680,0.0004306115733925253,100.0,1.000430703163147,0.001,4.072071075439453,10.160124778747559,58.67836380004883,transformer,embedding
136,685,0.0004066668334417045,100.0,1.0004067420959473,0.001,NaN,NaN,NaN,transformer,embedding
137,690,0.00038526259595528245,100.0,1.0003852844238281,0.001,4.0841474533081055,10.202635765075684,59.39128112792969,transformer,embedding
138,695,0.0003636686597019434,100.0,1.0003637075424194,0.001,NaN,NaN,NaN,transformer,embedding
139,700,0.00034465649514459074,100.0,1.0003447532653809,0.001,4.096676826477051,10.245146751403809,60.140098571777344,transformer,embedding
140,705,0.0003245564876124263,100.0,1.0003246068954468,0.001,NaN,NaN,NaN,transformer,embedding
141,710,0.0003068254154641181,100.0,1.0003068447113037,0.001,4.117394924163818,10.273487091064453,61.399085998535156,transformer,embedding
142,715,0.0002900530816987157,100.0,1.000290036201477,0.001,NaN,NaN,NaN,transformer,embedding
143,720,0.00027266526012681425,100.0,1.0002727508544922,0.001,4.131874084472656,10.415190696716309,62.294559478759766,transformer,embedding
144,725,0.00025801410083658993,100.0,1.0002580881118774,0.001,NaN,NaN,NaN,transformer,embedding
145,730,0.00024451606441289186,100.0,1.0002444982528687,0.001,4.151339530944824,10.344339370727539,63.51902770996094,transformer,embedding
146,735,0.00023150637571234256,100.0,1.0002315044403076,0.001,NaN,NaN,NaN,transformer,embedding
147,740,0.000219463647226803,100.0,1.000219464302063,0.001,4.167981147766113,10.443531036376953,64.58493041992188,transformer,embedding
148,745,0.00020812536240555346,100.0,1.0002081394195557,0.001,NaN,NaN,NaN,transformer,embedding
149,750,0.0001968891592696309,100.0,1.000196933746338,0.001,4.1845245361328125,10.528553009033203,65.66227722167969,transformer,embedding
150,755,0.00018646831449586898,100.0,1.0001864433288574,0.001,NaN,NaN,NaN,transformer,embedding
151,760,0.00017590989591553807,100.0,1.000175952911377,0.001,4.195463180541992,10.528553009033203,66.38447570800781,transformer,embedding
152,765,0.00016651356418151408,100.0,1.0001665353775024,0.001,NaN,NaN,NaN,transformer,embedding
153,770,0.00015724339755252004,100.0,1.0001572370529175,0.001,NaN,NaN,NaN,transformer,embedding
154,775,0.0001492071896791458,100.0,1.0001492500305176,0.001,4.224792957305908,10.542723655700684,68.3603515625,transformer,embedding
155,780,0.00014133244985714555,100.0,1.0001413822174072,0.001,NaN,NaN,NaN,transformer,embedding
156,785,0.00013341990415938199,100.0,1.0001333951950073,0.001,NaN,NaN,NaN,transformer,embedding
157,790,0.00012694596080109477,100.0,1.0001269578933716,0.001,4.246157169342041,10.556894302368164,69.8365249633789,transformer,embedding
158,795,0.00012016463006148115,100.0,1.0001201629638672,0.001,NaN,NaN,NaN,transformer,embedding
159,800,0.011445090174674988,99.3197250366211,1.0115108489990234,0.001,NaN,NaN,NaN,transformer,embedding
160,805,0.1490352749824524,93.79251861572266,1.1607139110565186,0.001,4.206766128540039,6.8300981521606445,67.13906860351562,transformer,embedding
161,810,0.09257978200912476,96.04591369628906,1.0970007181167603,0.001,NaN,NaN,NaN,transformer,embedding
162,815,0.07685153931379318,96.4710922241211,1.0798817873001099,0.001,NaN,NaN,NaN,transformer,embedding
163,820,0.03998985141515732,98.17176818847656,1.0408002138137817,0.001,4.338301658630371,7.935383319854736,76.57737731933594,transformer,embedding
164,825,0.03355590999126434,98.59693908691406,1.0341252088546753,0.001,NaN,NaN,NaN,transformer,embedding
165,830,0.01963401585817337,99.36224365234375,1.0198280811309814,0.001,NaN,NaN,NaN,transformer,embedding
166,835,0.017285151407122612,99.53231048583984,1.0174354314804077,0.001,4.353940963745117,8.261301040649414,77.78440856933594,transformer,embedding
167,840,0.013600971549749374,99.7448959350586,1.013693928718567,0.001,NaN,NaN,NaN,transformer,embedding
168,845,0.009452524594962597,99.91496276855469,1.0094972848892212,0.001,NaN,NaN,NaN,transformer,embedding
169,850,0.005934983491897583,99.87245178222656,1.0059525966644287,0.001,4.385475158691406,8.842284202575684,80.27635955810547,transformer,embedding
170,855,0.003802938386797905,99.95748138427734,1.003810167312622,0.001,NaN,NaN,NaN,transformer,embedding
171,860,0.0025769497733563185,100.0,1.0025802850723267,0.001,NaN,NaN,NaN,transformer,embedding
172,865,0.0018078862922266126,100.0,1.0018094778060913,0.001,4.4012627601623535,9.465779304504395,81.55378723144531,transformer,embedding
173,870,0.0017606361070647836,99.95748138427734,1.0017621517181396,0.001,NaN,NaN,NaN,transformer,embedding
174,875,0.0011257699225097895,100.0,1.0011264085769653,0.001,NaN,NaN,NaN,transformer,embedding
175,880,0.0009742400143295527,100.0,1.0009746551513672,0.001,4.409005641937256,9.451608657836914,82.18769836425781,transformer,embedding
176,885,0.0008283667848445475,100.0,1.000828742980957,0.001,NaN,NaN,NaN,transformer,embedding
177,890,0.0007188347517512739,100.0,1.0007190704345703,0.001,NaN,NaN,NaN,transformer,embedding
178,895,0.000645628955680877,100.0,1.0006458759307861,0.001,4.4090046882629395,9.905058860778809,82.1876220703125,transformer,embedding
179,900,0.0005975082749500871,100.0,1.0005977153778076,0.001,NaN,NaN,NaN,transformer,embedding
180,905,0.0005566166946664453,100.0,1.0005568265914917,0.001,NaN,NaN,NaN,transformer,embedding
181,910,0.0005196593119762838,100.0,1.0005197525024414,0.001,4.414417266845703,9.990080833435059,82.63367462158203,transformer,embedding
182,915,0.0004904184606857598,100.0,1.0004905462265015,0.001,NaN,NaN,NaN,transformer,embedding
183,920,0.0004661533166654408,100.0,1.000466227531433,0.001,NaN,NaN,NaN,transformer,embedding
184,925,0.00044522713869810104,100.0,1.0004453659057617,0.001,4.417234897613525,10.103443145751953,82.86683654785156,transformer,embedding
185,930,0.00042623249464668334,100.0,1.0004262924194336,0.001,NaN,NaN,NaN,transformer,embedding
186,935,0.0004093285242561251,100.0,1.0004093647003174,0.001,NaN,NaN,NaN,transformer,embedding
187,940,0.0003936919674742967,100.0,1.0003937482833862,0.001,4.41864538192749,10.273487091064453,82.98379516601562,transformer,embedding
188,945,0.0003794148797169328,100.0,1.0003794431686401,0.001,NaN,NaN,NaN,transformer,embedding
189,950,0.0003661329683382064,100.0,1.0003662109375,0.001,NaN,NaN,NaN,transformer,embedding
190,955,0.00035350891994312406,100.0,1.0003535747528076,0.001,4.420809268951416,10.471872329711914,83.16355895996094,transformer,embedding
191,960,0.00034150155261158943,100.0,1.000341534614563,0.001,NaN,NaN,NaN,transformer,embedding
192,965,0.00033004613942466676,100.0,1.0003300905227661,0.001,NaN,NaN,NaN,transformer,embedding
193,970,0.00031916899024508893,100.0,1.000319242477417,0.001,4.424084186553955,10.613574981689453,83.43636322021484,transformer,embedding
194,975,0.0003087821532972157,100.0,1.000308871269226,0.001,NaN,NaN,NaN,transformer,embedding
195,980,0.00029885058756917715,100.0,1.0002988576889038,0.001,NaN,NaN,NaN,transformer,embedding
196,985,0.0002892195770982653,100.0,1.0002893209457397,0.001,4.426756858825684,10.613574981689453,83.65966033935547,transformer,embedding
197,990,0.0002799384528771043,100.0,1.0002800226211548,0.001,NaN,NaN,NaN,transformer,embedding
198,995,0.0002709329128265381,100.0,1.000270962715149,0.001,NaN,NaN,NaN,transformer,embedding
199,1000,0.00026226413319818676,100.0,1.0002622604370117,0.001,4.431439399719238,10.627745628356934,84.05231475830078,transformer,embedding
200,1005,0.00025393854593858123,100.0,1.0002539157867432,0.001,NaN,NaN,NaN,transformer,embedding
202,1015,0.0002379229263169691,100.0,1.0002379417419434,0.001,4.436131477355957,10.684427261352539,84.44762420654297,transformer,embedding
204,1025,0.00022285216255113482,100.0,1.00022292137146,0.001,NaN,NaN,NaN,transformer,embedding
206,1035,0.00020878213399555534,100.0,1.000208854675293,0.001,4.443603515625,10.797789573669434,85.08097839355469,transformer,embedding
208,1045,0.000195491622434929,100.0,1.0001955032348633,0.001,NaN,NaN,NaN,transformer,embedding
210,1055,0.00018300031661055982,100.0,1.0001829862594604,0.001,4.452322483062744,10.868640899658203,85.82604217529297,transformer,embedding
212,1065,0.00017121608834713697,100.0,1.000171184539795,0.001,NaN,NaN,NaN,transformer,embedding
214,1075,0.0001601536205271259,100.0,1.0001602172851562,0.001,4.463209629058838,10.911151885986328,86.76554870605469,transformer,embedding
216,1085,0.0001495980832260102,100.0,1.0001496076583862,0.001,NaN,NaN,NaN,transformer,embedding
218,1095,0.00013974551984574646,100.0,1.0001397132873535,0.001,4.4746246337890625,10.967833518981934,87.76165008544922,transformer,embedding
220,1105,0.0001304269680986181,100.0,1.0001304149627686,0.001,NaN,NaN,NaN,transformer,embedding
222,1115,0.0001216694072354585,100.0,1.0001217126846313,0.001,4.488467693328857,11.038684844970703,88.9849853515625,transformer,embedding
224,1125,0.00011339650518493727,100.0,1.0001133680343628,0.001,NaN,NaN,NaN,transformer,embedding
226,1135,0.00010561503586359322,100.0,1.000105619430542,0.001,4.503511428833008,11.137877464294434,90.33377838134766,transformer,embedding
228,1145,9.825929009821266e-05,100.0,1.0000982284545898,0.001,NaN,NaN,NaN,transformer,embedding
230,1155,9.135760774370283e-05,100.0,1.000091314315796,0.001,4.520373821258545,11.109537124633789,91.86993408203125,transformer,embedding
232,1165,8.486111619276926e-05,100.0,1.0000848770141602,0.001,NaN,NaN,NaN,transformer,embedding
234,1175,7.874447328504175e-05,100.0,1.000078797340393,0.001,4.539053440093994,11.095366477966309,93.60215759277344,transformer,embedding
236,1185,7.304864993784577e-05,100.0,1.0000730752944946,0.001,NaN,NaN,NaN,transformer,embedding
238,1195,6.769836181774735e-05,100.0,1.0000677108764648,0.001,4.55930233001709,11.081195831298828,95.51681518554688,transformer,embedding
240,1205,6.26556429779157e-05,100.0,1.0000627040863037,0.001,NaN,NaN,NaN,transformer,embedding
242,1215,5.794896060251631e-05,100.0,1.0000579357147217,0.001,4.581636428833008,11.180388450622559,97.67410278320312,transformer,embedding
244,1225,5.355069151846692e-05,100.0,1.0000535249710083,0.001,NaN,NaN,NaN,transformer,embedding
246,1235,4.9421323637943715e-05,100.0,1.0000494718551636,0.001,4.604656219482422,11.166217803955078,99.94861602783203,transformer,embedding
248,1245,4.559320950647816e-05,100.0,1.0000455379486084,0.001,NaN,NaN,NaN,transformer,embedding
250,1255,4.201097908662632e-05,100.0,1.0000419616699219,0.001,4.63116979598999,11.237070083618164,102.6340560913086,transformer,embedding
252,1265,3.864963218802586e-05,100.0,1.0000386238098145,0.001,NaN,NaN,NaN,transformer,embedding
254,1275,3.556556112016551e-05,100.0,1.0000355243682861,0.001,4.658041000366211,11.293750762939453,105.4293441772461,transformer,embedding
256,1285,3.2661242585163563e-05,100.0,1.000032663345337,0.001,NaN,NaN,NaN,transformer,embedding
258,1295,2.999905336764641e-05,100.0,1.0000300407409668,0.001,NaN,NaN,NaN,transformer,embedding
259,1300,NaN,NaN,NaN,NaN,4.6933417320251465,11.350432395935059,109.21754455566406,transformer,embedding
260,1305,2.7556437999010086e-05,100.0,1.0000275373458862,0.001,NaN,NaN,NaN,transformer,embedding
262,1315,2.5269277102779597e-05,100.0,1.0000252723693848,0.001,NaN,NaN,NaN,transformer,embedding
264,1325,2.3151422283262946e-05,100.0,1.0000231266021729,0.001,4.731146335601807,11.449625015258789,113.4255142211914,transformer,embedding
266,1335,2.1183564967941493e-05,100.0,1.00002121925354,0.001,NaN,NaN,NaN,transformer,embedding
268,1345,1.9375840565771796e-05,100.0,1.0000194311141968,0.001,NaN,NaN,NaN,transformer,embedding
269,1350,NaN,NaN,NaN,NaN,4.77148962020874,11.520476341247559,118.09502410888672,transformer,embedding
270,1355,1.771195456967689e-05,100.0,1.000017762184143,0.001,NaN,NaN,NaN,transformer,embedding
272,1365,1.6172472896869294e-05,100.0,1.000016212463379,0.001,NaN,NaN,NaN,transformer,embedding
274,1375,1.4767983884667046e-05,100.0,1.0000147819519043,0.001,4.813839912414551,11.591327667236328,123.20380401611328,transformer,embedding
276,1385,1.3470136764226481e-05,100.0,1.0000134706497192,0.001,NaN,NaN,NaN,transformer,embedding
278,1395,1.2289964615774807e-05,100.0,1.0000122785568237,0.001,NaN,NaN,NaN,transformer,embedding
279,1400,NaN,NaN,NaN,NaN,4.856904029846191,11.676349639892578,128.6253662109375,transformer,embedding
280,1405,1.1200514563824981e-05,100.0,1.0000112056732178,0.001,NaN,NaN,NaN,transformer,embedding
282,1415,1.0195926734013483e-05,100.0,1.0000102519989014,0.001,NaN,NaN,NaN,transformer,embedding
284,1425,9.282235623686574e-06,100.0,1.000009298324585,0.001,4.904277324676514,11.662179946899414,134.86541748046875,transformer,embedding
286,1435,8.445251296507195e-06,100.0,1.000008463859558,0.001,NaN,NaN,NaN,transformer,embedding
288,1445,7.67597884987481e-06,100.0,1.0000076293945312,0.001,NaN,NaN,NaN,transformer,embedding
289,1450,NaN,NaN,NaN,NaN,4.948976993560791,11.690520286560059,141.03060913085938,transformer,embedding
290,1455,6.979156751185656e-06,100.0,1.0000070333480835,0.001,NaN,NaN,NaN,transformer,embedding
292,1465,6.332813427434303e-06,100.0,1.0000063180923462,0.001,NaN,NaN,NaN,transformer,embedding
294,1475,5.759456144005526e-06,100.0,1.0000057220458984,0.001,4.9974846839904785,11.704690933227539,148.0403289794922,transformer,embedding
296,1485,5.223298103373963e-06,100.0,1.0000052452087402,0.001,NaN,NaN,NaN,transformer,embedding
298,1495,4.743954832520103e-06,100.0,1.000004768371582,0.001,NaN,NaN,NaN,transformer,embedding
299,1500,NaN,NaN,NaN,NaN,5.0463104248046875,11.832223892211914,155.44786071777344,transformer,embedding
300,1505,4.299583906686166e-06,100.0,1.0000042915344238,0.001,NaN,NaN,NaN,transformer,embedding
303,1520,3.714691274581128e-06,100.0,1.000003695487976,0.001,NaN,NaN,NaN,transformer,embedding
304,1525,NaN,NaN,NaN,NaN,5.096527576446533,11.832223892211914,163.45333862304688,transformer,embedding
306,1535,3.208941052434966e-06,100.0,1.0000032186508179,0.001,NaN,NaN,NaN,transformer,embedding
309,1550,2.766240868368186e-06,100.0,1.0000027418136597,0.001,NaN,NaN,NaN,transformer,embedding
310,1555,NaN,NaN,NaN,NaN,5.155776500701904,11.846393585205078,173.430419921875,transformer,embedding
312,1565,2.388745770076639e-06,100.0,1.000002384185791,0.001,NaN,NaN,NaN,transformer,embedding
315,1580,2.0593495264620287e-06,100.0,1.0000020265579224,0.001,NaN,NaN,NaN,transformer,embedding
316,1585,NaN,NaN,NaN,NaN,5.21712589263916,11.959756851196289,184.40342712402344,transformer,embedding
318,1595,1.7737696680342196e-06,100.0,1.0000017881393433,0.001,NaN,NaN,NaN,transformer,embedding
321,1610,1.5293452406694996e-06,100.0,1.0000015497207642,0.001,NaN,NaN,NaN,transformer,embedding
322,1615,NaN,NaN,NaN,NaN,5.278585910797119,11.903075218200684,196.09239196777344,transformer,embedding
324,1625,1.3205517461756244e-06,100.0,1.000001311302185,0.001,NaN,NaN,NaN,transformer,embedding
327,1640,1.1356557934050215e-06,100.0,1.0000011920928955,0.001,NaN,NaN,NaN,transformer,embedding
328,1645,NaN,NaN,NaN,NaN,5.340622425079346,11.959756851196289,208.6425323486328,transformer,embedding
330,1655,9.771156328497455e-07,100.0,1.0000009536743164,0.001,NaN,NaN,NaN,transformer,embedding
333,1670,8.433092943960219e-07,100.0,1.0000008344650269,0.001,NaN,NaN,NaN,transformer,embedding
334,1675,NaN,NaN,NaN,NaN,5.4035162925720215,11.973926544189453,222.18630981445312,transformer,embedding
336,1685,7.241507660182833e-07,100.0,1.0000007152557373,0.001,NaN,NaN,NaN,transformer,embedding
339,1700,6.234412239791709e-07,100.0,1.0000005960464478,0.001,NaN,NaN,NaN,transformer,embedding
340,1705,NaN,NaN,NaN,NaN,5.463667869567871,12.044778823852539,235.96131896972656,transformer,embedding
342,1715,5.36821858077019e-07,100.0,1.0000005960464478,0.001,NaN,NaN,NaN,transformer,embedding
345,1730,4.626962208931218e-07,100.0,1.0000004768371582,0.001,NaN,NaN,NaN,transformer,embedding
346,1735,NaN,NaN,NaN,NaN,5.523258686065674,12.016437530517578,250.44984436035156,transformer,embedding
348,1745,3.982258931500837e-07,100.0,1.0000003576278687,0.001,NaN,NaN,NaN,transformer,embedding
351,1760,3.428787351822393e-07,100.0,1.0000003576278687,0.001,NaN,NaN,NaN,transformer,embedding
352,1765,NaN,NaN,NaN,NaN,5.582479476928711,12.087289810180664,265.72967529296875,transformer,embedding
354,1775,2.9556500180660805e-07,100.0,1.000000238418579,0.001,NaN,NaN,NaN,transformer,embedding
357,1790,2.5549911697453354e-07,100.0,1.000000238418579,0.001,NaN,NaN,NaN,transformer,embedding
359,1800,NaN,NaN,NaN,NaN,5.645380020141602,12.158141136169434,282.9810791015625,transformer,embedding
360,1805,2.2014690159721795e-07,100.0,1.000000238418579,0.001,NaN,NaN,NaN,transformer,embedding
363,1820,1.9009115703738644e-07,100.0,1.000000238418579,0.001,NaN,NaN,NaN,transformer,embedding
366,1835,1.6535726388156036e-07,100.0,1.0000001192092896,0.001,5.6991424560546875,12.158141136169434,298.6112060546875,transformer,embedding
369,1850,1.4432330885938427e-07,100.0,1.0000001192092896,0.001,NaN,NaN,NaN,transformer,embedding
372,1865,1.2605164556589443e-07,100.0,1.0000001192092896,0.001,NaN,NaN,NaN,transformer,embedding
373,1870,NaN,NaN,NaN,NaN,5.7443342208862305,12.143970489501953,312.4155578613281,transformer,embedding
375,1880,1.106689921925863e-07,100.0,1.0000001192092896,0.001,NaN,NaN,NaN,transformer,embedding
378,1895,9.670548450912975e-08,100.0,1.0000001192092896,0.001,NaN,NaN,NaN,transformer,embedding
380,1905,NaN,NaN,NaN,NaN,5.77428674697876,12.243163108825684,321.91473388671875,transformer,embedding
381,1910,8.542824758706047e-08,100.0,1.0000001192092896,0.001,NaN,NaN,NaN,transformer,embedding
384,1925,7.579824057302176e-08,100.0,1.0000001192092896,0.001,NaN,NaN,NaN,transformer,embedding
387,1940,6.756205550573213e-08,100.0,1.0000001192092896,0.001,5.795648574829102,12.285674095153809,328.86541748046875,transformer,embedding
390,1955,6.109982564339589e-08,100.0,1.0000001192092896,0.001,NaN,NaN,NaN,transformer,embedding
393,1970,5.532182356660087e-08,100.0,1.0,0.001,NaN,NaN,NaN,transformer,embedding
394,1975,NaN,NaN,NaN,NaN,5.809085369110107,12.342355728149414,333.3141174316406,transformer,embedding
396,1985,5.081092524505948e-08,100.0,1.0,0.001,NaN,NaN,NaN,transformer,embedding
399,2000,4.536237341312699e-08,100.0,1.0,0.001,NaN,NaN,NaN,transformer,embedding
401,2010,NaN,NaN,NaN,NaN,5.816627502441406,12.370696067810059,335.8375244140625,transformer,embedding
402,2015,4.239734607835999e-08,100.0,1.0,0.001,NaN,NaN,NaN,transformer,embedding
406,2035,3.9280266150854004e-08,100.0,1.0,0.001,NaN,NaN,NaN,transformer,embedding
409,2050,NaN,NaN,NaN,NaN,5.81827449798584,12.455718040466309,336.39111328125,transformer,embedding
410,2055,3.5453609825708554e-08,100.0,1.0,0.001,NaN,NaN,NaN,transformer,embedding
414,2075,3.28180291830904e-08,100.0,1.0,0.001,NaN,NaN,NaN,transformer,embedding
417,2090,NaN,NaN,NaN,NaN,5.804071426391602,12.512399673461914,331.6470947265625,transformer,embedding
418,2095,3.025847661319858e-08,100.0,1.0,0.001,NaN,NaN,NaN,transformer,embedding
422,2115,2.8459187007001674e-08,100.0,1.0,0.001,NaN,NaN,NaN,transformer,embedding
425,2130,NaN,NaN,NaN,NaN,5.790965557098389,12.540740013122559,327.32891845703125,transformer,embedding
426,2135,2.6102371819547443e-08,100.0,1.0,0.001,NaN,NaN,NaN,transformer,embedding
430,2155,2.5570187744961004e-08,100.0,1.0,0.001,NaN,NaN,NaN,transformer,embedding
433,2170,NaN,NaN,NaN,NaN,5.7677388191223145,12.639932632446289,319.8137512207031,transformer,embedding
434,2175,2.6507844808065784e-08,100.0,1.0,0.001,NaN,NaN,NaN,transformer,embedding
438,2195,2.5899634437109853e-08,100.0,1.0,0.001,NaN,NaN,NaN,transformer,embedding
441,2210,NaN,NaN,NaN,NaN,5.739454746246338,12.625761985778809,310.89483642578125,transformer,embedding
442,2215,2.4176371127282437e-08,100.0,1.0,0.001,NaN,NaN,NaN,transformer,embedding
446,2235,2.574758184437087e-08,100.0,1.0,0.001,NaN,NaN,NaN,transformer,embedding
449,2250,NaN,NaN,NaN,NaN,5.715642929077148,12.569080352783203,303.5793151855469,transformer,embedding
450,2255,2.501266216370368e-08,100.0,1.0,0.001,NaN,NaN,NaN,transformer,embedding
454,2275,2.265584519989261e-08,100.0,1.0,0.001,NaN,NaN,NaN,transformer,embedding
457,2290,NaN,NaN,NaN,NaN,5.701924800872803,12.569080352783203,299.4432067871094,transformer,embedding
458,2295,2.131271337191265e-08,100.0,1.0,0.001,NaN,NaN,NaN,transformer,embedding
462,2315,2.513937147341494e-08,100.0,1.0,0.001,NaN,NaN,NaN,transformer,embedding
466,2335,2.6862633006885517e-08,100.0,1.0,0.001,5.750454902648926,12.413207054138184,314.3336181640625,transformer,embedding
470,2355,2.197160853256719e-08,100.0,1.0,0.001,NaN,NaN,NaN,transformer,embedding
474,2375,2.4556502609129893e-08,100.0,1.0,0.001,NaN,NaN,NaN,transformer,embedding
475,2380,NaN,NaN,NaN,NaN,5.661839962005615,12.753294944763184,287.6774597167969,transformer,embedding
478,2395,2.35174759666279e-08,100.0,1.0,0.001,NaN,NaN,NaN,transformer,embedding
482,2415,2.5164712980085824e-08,100.0,1.0,0.001,NaN,NaN,NaN,transformer,embedding
484,2425,NaN,NaN,NaN,NaN,5.636708736419678,12.724954605102539,280.5378723144531,transformer,embedding
486,2435,2.3770898138764096e-08,100.0,1.0,0.001,NaN,NaN,NaN,transformer,embedding
490,2455,2.4176371127282437e-08,100.0,1.0,0.001,NaN,NaN,NaN,transformer,embedding
493,2470,NaN,NaN,NaN,NaN,5.622361660003662,12.569080352783203,276.5417175292969,transformer,embedding
494,2475,2.318802927447905e-08,100.0,1.0,0.001,NaN,NaN,NaN,transformer,embedding
498,2495,2.506334517704545e-08,100.0,1.0,0.001,NaN,NaN,NaN,transformer,embedding
502,2515,2.4759239991567483e-08,100.0,1.0,0.001,5.604683876037598,12.809976577758789,271.6960144042969,transformer,embedding
507,2540,2.4708555201868876e-08,100.0,1.0,0.001,NaN,NaN,NaN,transformer,embedding
512,2565,2.5595529251631888e-08,100.0,1.0,0.001,5.592556476593018,12.852487564086914,268.42095947265625,transformer,embedding
517,2590,2.7141396685692598e-08,100.0,1.0,0.001,NaN,NaN,NaN,transformer,embedding
522,2615,2.6102373595904282e-08,100.0,1.0,0.001,5.581022262573242,12.965849876403809,265.34271240234375,transformer,embedding
527,2640,2.595031922680846e-08,100.0,1.0,0.001,NaN,NaN,NaN,transformer,embedding
532,2665,2.709071367235083e-08,100.0,1.0,0.001,5.563578128814697,12.710783958435059,260.7541809082031,transformer,embedding
537,2690,2.574758184437087e-08,100.0,1.0,0.001,NaN,NaN,NaN,transformer,embedding
542,2715,2.762289952329411e-08,100.0,1.0,0.001,5.5503315925598145,13.022531509399414,257.3228759765625,transformer,embedding
547,2740,2.843384550033079e-08,100.0,1.0,0.001,NaN,NaN,NaN,transformer,embedding
552,2765,2.709071367235083e-08,100.0,1.0,0.001,5.52178955078125,12.937509536743164,250.08216857910156,transformer,embedding
557,2790,2.7850976636045743e-08,100.0,1.0,0.001,NaN,NaN,NaN,transformer,embedding
562,2815,2.7521529943896894e-08,100.0,1.0,0.001,NaN,NaN,NaN,transformer,embedding
563,2820,NaN,NaN,NaN,NaN,5.51747989654541,13.107553482055664,249.00672912597656,transformer,embedding
567,2840,2.9751634045283026e-08,100.0,1.0,0.001,NaN,NaN,NaN,transformer,embedding
572,2865,2.8332475920933575e-08,100.0,1.0,0.001,NaN,NaN,NaN,transformer,embedding
574,2875,NaN,NaN,NaN,NaN,5.495394229888916,13.036701202392578,243.56753540039062,transformer,embedding
577,2890,2.970094925558442e-08,100.0,1.0,0.001,NaN,NaN,NaN,transformer,embedding
582,2915,3.025847661319858e-08,100.0,1.0,0.001,NaN,NaN,NaN,transformer,embedding
585,2930,NaN,NaN,NaN,NaN,5.49888801574707,13.178404808044434,244.41998291015625,transformer,embedding
587,2940,3.139887283509779e-08,100.0,1.0,0.001,NaN,NaN,NaN,transformer,embedding
592,2965,2.8813976982178247e-08,100.0,1.0,0.001,NaN,NaN,NaN,transformer,embedding
596,2985,NaN,NaN,NaN,NaN,5.465440273284912,13.022531509399414,236.37989807128906,transformer,embedding
597,2990,3.258995207033877e-08,100.0,1.0,0.001,NaN,NaN,NaN,transformer,embedding
602,3015,3.157626693450766e-08,100.0,1.0,0.001,NaN,NaN,NaN,transformer,embedding
607,3040,NaN,NaN,NaN,NaN,5.473740100860596,13.150064468383789,238.3499755859375,transformer,embedding
608,3045,3.025847661319858e-08,100.0,1.0,0.001,NaN,NaN,NaN,transformer,embedding
614,3075,3.200707965334004e-08,100.0,1.0,0.001,NaN,NaN,NaN,transformer,embedding
619,3100,NaN,NaN,NaN,NaN,5.4723358154296875,13.150064468383789,238.0155029296875,transformer,embedding
620,3105,3.01064240204596e-08,100.0,1.0,0.001,NaN,NaN,NaN,transformer,embedding
626,3135,3.0207793599856814e-08,100.0,1.0,0.001,NaN,NaN,NaN,transformer,embedding
631,3160,NaN,NaN,NaN,NaN,5.469409942626953,12.980020523071289,237.3201141357422,transformer,embedding
632,3165,2.7800293622703975e-08,100.0,1.0,0.001,NaN,NaN,NaN,transformer,embedding
638,3195,3.1956400192711953e-08,100.0,1.0,0.001,NaN,NaN,NaN,transformer,embedding
643,3220,NaN,NaN,NaN,NaN,5.440265655517578,12.994190216064453,230.50340270996094,transformer,embedding
644,3225,3.139887283509779e-08,100.0,1.0,0.001,NaN,NaN,NaN,transformer,embedding
650,3255,0.05251690745353699,96.64115905761719,1.0539203882217407,0.001,NaN,NaN,NaN,transformer,embedding
655,3280,NaN,NaN,NaN,NaN,6.123478889465332,8.91313648223877,456.4498596191406,transformer,embedding
656,3285,0.01489437185227871,99.36224365234375,1.0150058269500732,0.001,NaN,NaN,NaN,transformer,embedding
662,3315,0.0012380927801132202,100.0,1.0012388229370117,0.001,NaN,NaN,NaN,transformer,embedding
668,3345,0.00019040744518861175,100.0,1.0001903772354126,0.001,6.491943359375,9.621652603149414,659.8043823242188,transformer,embedding
674,3375,5.7634264521766454e-05,100.0,1.000057578086853,0.001,NaN,NaN,NaN,transformer,embedding
680,3405,2.765807948890142e-05,100.0,1.0000276565551758,0.001,NaN,NaN,NaN,transformer,embedding
681,3410,NaN,NaN,NaN,NaN,6.531404495239258,9.749185562133789,686.3615112304688,transformer,embedding
686,3435,2.0119779946980998e-05,100.0,1.000020146369934,0.001,NaN,NaN,NaN,transformer,embedding
692,3465,1.5986592188710347e-05,100.0,1.0000159740447998,0.001,NaN,NaN,NaN,transformer,embedding
694,3475,NaN,NaN,NaN,NaN,6.521118640899658,9.961740493774414,679.337890625,transformer,embedding
698,3495,1.3020407095609698e-05,100.0,1.000012993812561,0.001,NaN,NaN,NaN,transformer,embedding
704,3525,1.0654360266926233e-05,100.0,1.00001060962677,0.001,NaN,NaN,NaN,transformer,embedding
707,3540,NaN,NaN,NaN,NaN,6.513120651245117,10.103443145751953,673.9262084960938,transformer,embedding
711,3560,8.436428288405295e-06,100.0,1.000008463859558,0.001,NaN,NaN,NaN,transformer,embedding
718,3595,6.6529319155961275e-06,100.0,1.0000066757202148,0.001,NaN,NaN,NaN,transformer,embedding
721,3610,NaN,NaN,NaN,NaN,6.505905628204346,10.471872329711914,669.0813598632812,transformer,embedding
725,3630,5.2288532970123924e-06,100.0,1.0000052452087402,0.001,NaN,NaN,NaN,transformer,embedding
732,3665,4.095961230632383e-06,100.0,1.0000040531158447,0.001,NaN,NaN,NaN,transformer,embedding
735,3680,NaN,NaN,NaN,NaN,6.497326850891113,10.684427261352539,663.365966796875,transformer,embedding
739,3700,3.2021596325648716e-06,100.0,1.0000032186508179,0.001,NaN,NaN,NaN,transformer,embedding
746,3735,2.4992796170408837e-06,100.0,1.0000025033950806,0.001,NaN,NaN,NaN,transformer,embedding
749,3750,NaN,NaN,NaN,NaN,6.485146522521973,10.896982192993164,655.3349609375,transformer,embedding
753,3770,1.9457365851849318e-06,100.0,1.0000019073486328,0.001,NaN,NaN,NaN,transformer,embedding
760,3805,1.5106406863196753e-06,100.0,1.0000015497207642,0.001,NaN,NaN,NaN,transformer,embedding
763,3820,NaN,NaN,NaN,NaN,6.468952178955078,11.293750762939453,644.8077392578125,transformer,embedding
767,3840,1.1691570307448274e-06,100.0,1.0000011920928955,0.001,NaN,NaN,NaN,transformer,embedding
774,3875,9.043579893841525e-07,100.0,1.0000009536743164,0.001,NaN,NaN,NaN,transformer,embedding
778,3895,NaN,NaN,NaN,NaN,6.448629856109619,11.633838653564453,631.8359985351562,transformer,embedding
781,3910,6.986057314861682e-07,100.0,1.0000007152557373,0.001,NaN,NaN,NaN,transformer,embedding
788,3945,5.358081125450553e-07,100.0,1.0000004768371582,0.001,NaN,NaN,NaN,transformer,embedding
793,3970,NaN,NaN,NaN,NaN,6.4295525550842285,11.959756851196289,619.8965454101562,transformer,embedding
795,3980,4.0975652382257977e-07,100.0,1.0000003576278687,0.001,NaN,NaN,NaN,transformer,embedding
802,4015,3.1160655566964124e-07,100.0,1.0000003576278687,0.001,NaN,NaN,NaN,transformer,embedding
808,4045,NaN,NaN,NaN,NaN,6.412693977355957,12.314014434814453,609.5335693359375,transformer,embedding
810,4055,2.2620365314196533e-07,100.0,1.000000238418579,0.001,NaN,NaN,NaN,transformer,embedding
818,4095,1.6449563133846823e-07,100.0,1.0000001192092896,0.001,NaN,NaN,NaN,transformer,embedding
824,4125,NaN,NaN,NaN,NaN,6.383935928344727,12.583250999450684,592.2542114257812,transformer,embedding
826,4135,1.2083117439942725e-07,100.0,1.0000001192092896,0.001,NaN,NaN,NaN,transformer,embedding
834,4175,9.561577485328598e-08,100.0,1.0000001192092896,0.001,NaN,NaN,NaN,transformer,embedding
840,4205,NaN,NaN,NaN,NaN,6.277268886566162,12.894998550415039,532.3328247070312,transformer,embedding
842,4215,8.03598254606186e-08,100.0,1.0000001192092896,0.001,NaN,NaN,NaN,transformer,embedding
850,4255,6.708056332627166e-08,100.0,1.0000001192092896,0.001,NaN,NaN,NaN,transformer,embedding
856,4285,NaN,NaN,NaN,NaN,6.1012349128723145,13.150064468383789,446.40869140625,transformer,embedding
858,4295,5.8261509394696986e-08,100.0,1.0,0.001,NaN,NaN,NaN,transformer,embedding
866,4335,5.570195327209149e-08,100.0,1.0,0.001,NaN,NaN,NaN,transformer,embedding
873,4370,NaN,NaN,NaN,NaN,5.875539779663086,13.475981712341309,356.2168884277344,transformer,embedding
874,4375,4.918903329098612e-08,100.0,1.0,0.001,NaN,NaN,NaN,transformer,embedding
882,4415,4.300555644931592e-08,100.0,1.0,0.001,NaN,NaN,NaN,transformer,embedding
890,4455,4.087682015097016e-08,100.0,1.0,0.001,5.688315391540527,13.830239295959473,295.39556884765625,transformer,embedding
898,4495,3.986313856785273e-08,100.0,1.0,0.001,NaN,NaN,NaN,transformer,embedding
906,4535,4.047134893880866e-08,100.0,1.0,0.001,NaN,NaN,NaN,transformer,embedding
907,4540,NaN,NaN,NaN,NaN,5.559379577636719,14.042794227600098,259.66168212890625,transformer,embedding
915,4580,3.649263646821055e-08,100.0,1.0,0.001,NaN,NaN,NaN,transformer,embedding
924,4625,3.730358599796091e-08,100.0,1.0,0.001,NaN,NaN,NaN,transformer,embedding
925,4630,NaN,NaN,NaN,NaN,5.459198951721191,14.000283241271973,234.9091796875,transformer,embedding
933,4670,3.5783056517857403e-08,100.0,1.0,0.001,NaN,NaN,NaN,transformer,embedding
942,4715,3.677140014701763e-08,100.0,1.0,0.001,NaN,NaN,NaN,transformer,embedding
943,4720,NaN,NaN,NaN,NaN,5.408950328826904,13.929431915283203,223.39697265625,transformer,embedding
951,4760,3.611250321000625e-08,100.0,1.0,0.001,NaN,NaN,NaN,transformer,embedding
960,4805,3.563100392511842e-08,100.0,1.0,0.001,NaN,NaN,NaN,transformer,embedding
961,4810,NaN,NaN,NaN,NaN,5.3931660652160645,14.000283241271973,219.89849853515625,transformer,embedding
969,4850,3.535224379902502e-08,100.0,1.0,0.001,NaN,NaN,NaN,transformer,embedding
978,4895,3.30714513552266e-08,100.0,1.0,0.001,NaN,NaN,NaN,transformer,embedding
980,4905,NaN,NaN,NaN,NaN,5.335473537445068,13.971942901611328,207.57101440429688,transformer,embedding
987,4940,3.4389241676535676e-08,100.0,1.0,0.001,NaN,NaN,NaN,transformer,embedding
996,4985,3.8545348246543654e-08,100.0,1.0,0.001,NaN,NaN,NaN,transformer,embedding
999,5000,NaN,NaN,NaN,NaN,5.27440881729126,14.113646507263184,195.27499389648438,transformer,embedding
1005,5030,3.5377581752982223e-08,100.0,1.0,0.001,NaN,NaN,NaN,transformer,embedding
1015,5080,3.722755792523458e-08,100.0,1.0,0.001,NaN,NaN,NaN,transformer,embedding
1018,5095,NaN,NaN,NaN,NaN,5.29580545425415,13.858580589294434,199.4982452392578,transformer,embedding
1025,5130,3.4313213603809345e-08,100.0,1.0,0.001,NaN,NaN,NaN,transformer,embedding
1035,5180,0.16306594014167786,92.68707275390625,1.1771142482757568,0.001,NaN,NaN,NaN,transformer,embedding
1038,5195,NaN,NaN,NaN,NaN,5.866663455963135,8.700581550598145,353.0689697265625,transformer,embedding
1045,5230,0.005046469159424305,99.7448959350586,1.0050592422485352,0.001,NaN,NaN,NaN,transformer,embedding
1055,5280,0.005281958729028702,99.65986633300781,1.005295991897583,0.001,NaN,NaN,NaN,transformer,embedding
1058,5295,NaN,NaN,NaN,NaN,6.947634696960449,9.50829029083252,1040.685302734375,transformer,embedding
1065,5330,0.023921068757772446,98.5544204711914,1.0242094993591309,0.001,NaN,NaN,NaN,transformer,embedding
1075,5380,0.009311010129749775,99.48979187011719,1.0093544721603394,0.001,NaN,NaN,NaN,transformer,embedding
1079,5400,NaN,NaN,NaN,NaN,7.260432243347168,9.409097671508789,1422.8714599609375,transformer,embedding
1085,5430,0.00029168417677283287,100.0,1.0002917051315308,0.001,NaN,NaN,NaN,transformer,embedding
1095,5480,2.70166256086668e-05,100.0,1.000027060508728,0.001,NaN,NaN,NaN,transformer,embedding
1100,5505,NaN,NaN,NaN,NaN,7.262362957000732,10.372679710388184,1425.6212158203125,transformer,embedding
1105,5530,1.5670133507228456e-05,100.0,1.0000156164169312,0.001,NaN,NaN,NaN,transformer,embedding
1116,5585,1.0475895578565542e-05,100.0,1.0000104904174805,0.001,NaN,NaN,NaN,transformer,embedding
1121,5610,NaN,NaN,NaN,NaN,7.2340264320373535,10.698596954345703,1385.7911376953125,transformer,embedding
1127,5640,7.098502464941703e-06,100.0,1.000007152557373,0.001,NaN,NaN,NaN,transformer,embedding
1138,5695,4.785794772033114e-06,100.0,1.000004768371582,0.001,NaN,NaN,NaN,transformer,embedding
1143,5720,NaN,NaN,NaN,NaN,7.2158637046813965,11.152048110961914,1360.8485107421875,transformer,embedding
1149,5750,3.2120371997734765e-06,100.0,1.0000032186508179,0.001,NaN,NaN,NaN,transformer,embedding
1160,5805,2.1421089968498563e-06,100.0,1.000002145767212,0.001,NaN,NaN,NaN,transformer,embedding
1165,5830,NaN,NaN,NaN,NaN,7.199215888977051,11.619668960571289,1338.380859375,transformer,embedding
1171,5860,1.4225257700672955e-06,100.0,1.0000014305114746,0.001,NaN,NaN,NaN,transformer,embedding
1182,5915,9.386962460666837e-07,100.0,1.0000009536743164,0.001,NaN,NaN,NaN,transformer,embedding
1188,5945,NaN,NaN,NaN,NaN,7.176608085632324,12.058948516845703,1308.4625244140625,transformer,embedding
1193,5970,6.174095688038506e-07,100.0,1.0000005960464478,0.001,NaN,NaN,NaN,transformer,embedding
1204,6025,4.007093821201124e-07,100.0,1.0000003576278687,0.001,NaN,NaN,NaN,transformer,embedding
1211,6060,NaN,NaN,NaN,NaN,7.1509809494018555,12.583250999450684,1275.3564453125,transformer,embedding
1216,6085,2.485300569787796e-07,100.0,1.000000238418579,0.001,NaN,NaN,NaN,transformer,embedding
1228,6145,1.5377591466858576e-07,100.0,1.0000001192092896,0.001,NaN,NaN,NaN,transformer,embedding
1235,6180,NaN,NaN,NaN,NaN,7.099172592163086,12.937509536743164,1210.9647216796875,transformer,embedding
1240,6205,1.0179925169495618e-07,100.0,1.0000001192092896,0.001,NaN,NaN,NaN,transformer,embedding
1252,6265,8.167761222921399e-08,100.0,1.0000001192092896,0.001,NaN,NaN,NaN,transformer,embedding
1259,6300,NaN,NaN,NaN,NaN,6.782784461975098,13.532663345336914,882.5226440429688,transformer,embedding
1264,6325,7.004558710832498e-08,100.0,1.0000001192092896,0.001,NaN,NaN,NaN,transformer,embedding
1276,6385,6.345663905449328e-08,100.0,1.0000001192092896,0.001,NaN,NaN,NaN,transformer,embedding
1284,6425,NaN,NaN,NaN,NaN,6.214975357055664,14.269519805908203,500.18365478515625,transformer,embedding
1288,6445,5.3218428774925997e-08,100.0,1.0,0.001,NaN,NaN,NaN,transformer,embedding
1300,6505,5.2331451172449306e-08,100.0,1.0,0.001,NaN,NaN,NaN,transformer,embedding
1309,6550,NaN,NaN,NaN,NaN,5.696822643280029,14.751311302185059,297.9193115234375,transformer,embedding
1313,6570,4.515963780704624e-08,100.0,1.0,0.001,NaN,NaN,NaN,transformer,embedding
1326,6635,4.356308380693008e-08,100.0,1.0,0.001,NaN,NaN,NaN,transformer,embedding
1335,6680,NaN,NaN,NaN,NaN,5.465311527252197,15.105568885803223,236.34947204589844,transformer,embedding
1339,6700,4.229598005167645e-08,100.0,1.0,0.001,NaN,NaN,NaN,transformer,embedding
1352,6765,3.993916308786538e-08,100.0,1.0,0.001,NaN,NaN,NaN,transformer,embedding
1361,6810,NaN,NaN,NaN,NaN,5.2777299880981445,15.077228546142578,195.92462158203125,transformer,embedding
1365,6830,3.692345273975661e-08,100.0,1.0,0.001,NaN,NaN,NaN,transformer,embedding
1378,6895,3.530155723296957e-08,100.0,1.0,0.001,NaN,NaN,NaN,transformer,embedding
1388,6945,NaN,NaN,NaN,NaN,5.226357460021973,14.907184600830078,186.1136474609375,transformer,embedding
1391,6960,3.884944987930794e-08,100.0,1.0,0.001,NaN,NaN,NaN,transformer,embedding
1404,7025,3.8291926074407456e-08,100.0,1.0,0.001,NaN,NaN,NaN,transformer,embedding
1415,7080,NaN,NaN,NaN,NaN,5.19677734375,14.992206573486328,180.6890106201172,transformer,embedding
1418,7095,4.001519116059171e-08,100.0,1.0,0.001,NaN,NaN,NaN,transformer,embedding
1432,7165,3.811453197499759e-08,100.0,1.0,0.001,NaN,NaN,NaN,transformer,embedding
1443,7220,NaN,NaN,NaN,NaN,5.1464104652404785,14.907184600830078,171.8136444091797,transformer,embedding
1446,7235,3.7404952024644444e-08,100.0,1.0,0.001,NaN,NaN,NaN,transformer,embedding
1460,7305,3.30714513552266e-08,100.0,1.0,0.001,NaN,NaN,NaN,transformer,embedding
1471,7360,NaN,NaN,NaN,NaN,5.096218585968018,15.020546913146973,163.40284729003906,transformer,embedding
1474,7375,3.547895133237944e-08,100.0,1.0,0.001,NaN,NaN,NaN,transformer,embedding
1488,7445,3.6746058640346746e-08,100.0,1.0,0.001,NaN,NaN,NaN,transformer,embedding
1500,7505,NaN,NaN,NaN,NaN,5.060647010803223,15.133910179138184,157.6925048828125,transformer,embedding
1502,7515,3.5859081037870055e-08,100.0,1.0,0.001,NaN,NaN,NaN,transformer,embedding
1517,7590,3.6188531282732583e-08,100.0,1.0,0.001,NaN,NaN,NaN,transformer,embedding
1529,7650,NaN,NaN,NaN,NaN,5.061594486236572,15.063057899475098,157.8419952392578,transformer,embedding
1532,7665,3.753166311071254e-08,100.0,1.0,0.001,NaN,NaN,NaN,transformer,embedding
1547,7740,3.672071358096218e-08,100.0,1.0,0.001,NaN,NaN,NaN,transformer,embedding
1559,7800,NaN,NaN,NaN,NaN,5.044593811035156,15.275612831115723,155.18125915527344,transformer,embedding
1562,7815,3.253926550428332e-08,100.0,1.0,0.001,NaN,NaN,NaN,transformer,embedding
1577,7890,3.717687491189281e-08,100.0,1.0,0.001,NaN,NaN,NaN,transformer,embedding
1590,7955,NaN,NaN,NaN,NaN,4.99235725402832,15.190590858459473,147.283203125,transformer,embedding
1592,7965,3.7404952024644444e-08,100.0,1.0,0.001,NaN,NaN,NaN,transformer,embedding
1607,8040,3.299542328250027e-08,100.0,1.0,0.001,NaN,NaN,NaN,transformer,embedding
1621,8110,NaN,NaN,NaN,NaN,5.051995277404785,15.105568885803223,156.33407592773438,transformer,embedding
1623,8120,3.62899008621298e-08,100.0,1.0,0.001,NaN,NaN,NaN,transformer,embedding
1639,8200,3.238721291154434e-08,100.0,1.0,0.001,NaN,NaN,NaN,transformer,embedding
1653,8270,NaN,NaN,NaN,NaN,5.0046162605285645,15.233101844787598,149.099853515625,transformer,embedding
1655,8280,3.423718908379669e-08,100.0,1.0,0.001,NaN,NaN,NaN,transformer,embedding
1671,8360,3.7354265458589e-08,100.0,1.0,0.001,NaN,NaN,NaN,transformer,embedding
1686,8435,NaN,NaN,NaN,NaN,5.0425262451171875,15.162250518798828,154.86073303222656,transformer,embedding
1687,8440,3.4186506070454925e-08,100.0,1.0,0.001,NaN,NaN,NaN,transformer,embedding
1703,8520,3.29447402691585e-08,100.0,1.0,0.001,NaN,NaN,NaN,transformer,embedding
1719,8600,NaN,NaN,NaN,NaN,4.968502044677734,15.332294464111328,143.81130981445312,transformer,embedding
1720,8605,3.1956396639998275e-08,100.0,1.0,0.001,NaN,NaN,NaN,transformer,embedding
1737,8690,3.555497585239209e-08,100.0,1.0,0.001,NaN,NaN,NaN,transformer,embedding
1753,8770,NaN,NaN,NaN,NaN,4.986642837524414,15.502338409423828,146.44395446777344,transformer,embedding
1754,8775,3.6061820196664485e-08,100.0,1.0,0.001,NaN,NaN,NaN,transformer,embedding
1771,8860,3.208310772606637e-08,100.0,1.0,0.001,NaN,NaN,NaN,transformer,embedding
1788,8945,4.092750671702561e-08,100.0,1.0,0.001,4.9739532470703125,15.318123817443848,144.59738159179688,transformer,embedding
1805,9030,3.043587071260845e-08,100.0,1.0,0.001,NaN,NaN,NaN,transformer,embedding
1823,9120,3.208310772606637e-08,100.0,1.0,0.001,4.9558234214782715,15.544849395751953,141.99948120117188,transformer,embedding
1841,9210,3.226050537818992e-08,100.0,1.0,0.001,NaN,NaN,NaN,transformer,embedding
1859,9300,3.238721291154434e-08,100.0,1.0,0.001,4.965500831604004,15.403145790100098,143.38034057617188,transformer,embedding
1877,9390,3.086668698415451e-08,100.0,1.0,0.001,NaN,NaN,NaN,transformer,embedding
1895,9480,3.3578292146785316e-08,100.0,1.0,0.001,NaN,NaN,NaN,transformer,embedding
1896,9485,NaN,NaN,NaN,NaN,4.922187805175781,15.601531028747559,137.30267333984375,transformer,embedding
1913,9570,3.2235160318805356e-08,100.0,1.0,0.001,NaN,NaN,NaN,transformer,embedding
1932,9665,3.205776621939549e-08,100.0,1.0,0.001,NaN,NaN,NaN,transformer,embedding
1933,9670,NaN,NaN,NaN,NaN,4.965780258178711,15.629871368408203,143.42041015625,transformer,embedding
1951,9760,3.8215898001681126e-08,100.0,1.0,0.001,NaN,NaN,NaN,transformer,embedding
1970,9855,3.056258179867655e-08,100.0,1.0,0.001,NaN,NaN,NaN,transformer,embedding
1971,9860,NaN,NaN,NaN,NaN,4.925528049468994,15.672382354736328,137.76206970214844,transformer,embedding
1989,9950,3.038518769926668e-08,100.0,1.0,0.001,NaN,NaN,NaN,transformer,embedding
2008,10045,3.1145450662961593e-08,100.0,1.0,0.001,NaN,NaN,NaN,transformer,embedding
2010,10055,NaN,NaN,NaN,NaN,4.9705681800842285,15.842426300048828,144.10874938964844,transformer,embedding
2028,10145,3.59097676039255e-08,100.0,1.0,0.001,NaN,NaN,NaN,transformer,embedding
2048,10245,3.066395137807376e-08,100.0,1.0,0.001,NaN,NaN,NaN,transformer,embedding
2050,10255,NaN,NaN,NaN,NaN,4.909430027008057,15.587360382080078,135.56211853027344,transformer,embedding
2068,10345,3.086668698415451e-08,100.0,1.0,0.001,NaN,NaN,NaN,transformer,embedding
2088,10445,0.013301960192620754,99.02210235595703,1.0133907794952393,0.001,NaN,NaN,NaN,transformer,embedding
2090,10455,NaN,NaN,NaN,NaN,8.206437110900879,9.25322437286377,3664.463134765625,transformer,embedding
2108,10545,0.03941497951745987,98.00170135498047,1.040202021598816,0.001,NaN,NaN,NaN,transformer,embedding
2129,10650,0.0031719745602458715,99.91496276855469,1.0031770467758179,0.001,NaN,NaN,NaN,transformer,embedding
2131,10660,NaN,NaN,NaN,NaN,8.899137496948242,9.777525901794434,7325.65234375,transformer,embedding
2150,10755,0.03374074026942253,98.38435363769531,1.0343164205551147,0.001,NaN,NaN,NaN,transformer,embedding
2171,10860,0.020747575908899307,98.80952453613281,1.02096426486969,0.001,NaN,NaN,NaN,transformer,embedding
2173,10870,NaN,NaN,NaN,NaN,9.724786758422852,8.40300464630127,16727.12109375,transformer,embedding
2192,10965,0.003855922957882285,99.78741455078125,1.0038633346557617,0.001,NaN,NaN,NaN,transformer,embedding
2213,11070,0.009597895666956902,99.53231048583984,1.0096441507339478,0.001,NaN,NaN,NaN,transformer,embedding
2216,11085,NaN,NaN,NaN,NaN,10.094704627990723,8.686410903930664,24214.4453125,transformer,embedding
2235,11180,0.008770323358476162,99.4047622680664,1.0088088512420654,0.001,NaN,NaN,NaN,transformer,embedding
2257,11290,0.024777229875326157,98.51190185546875,1.025086760520935,0.001,NaN,NaN,NaN,transformer,embedding
2260,11305,NaN,NaN,NaN,NaN,10.264610290527344,8.303812026977539,28698.791015625,transformer,embedding
2279,11400,0.001090739737264812,100.0,1.0010913610458374,0.001,NaN,NaN,NaN,transformer,embedding
2301,11510,0.0020732837729156017,99.87245178222656,1.002075433731079,0.001,NaN,NaN,NaN,transformer,embedding
2305,11530,NaN,NaN,NaN,NaN,10.495285987854004,9.295735359191895,36144.71484375,transformer,embedding
2324,11625,0.0045326631516218185,99.78741455078125,1.0045429468154907,0.001,NaN,NaN,NaN,transformer,embedding
2347,11740,0.0006037059938535094,100.0,1.0006039142608643,0.001,NaN,NaN,NaN,transformer,embedding
2351,11760,NaN,NaN,NaN,NaN,10.786421775817871,9.749185562133789,48359.68359375,transformer,embedding
2370,11855,6.344619578158017e-06,100.0,1.0000063180923462,0.001,NaN,NaN,NaN,transformer,embedding
2393,11970,2.7322760161041515e-06,100.0,1.0000027418136597,0.001,NaN,NaN,NaN,transformer,embedding
2398,11995,NaN,NaN,NaN,NaN,10.585984230041504,10.415190696716309,39576.2421875,transformer,embedding
2416,12085,1.1843080756079871e-06,100.0,1.0000011920928955,0.001,NaN,NaN,NaN,transformer,embedding
2440,12205,4.624424434496177e-07,100.0,1.0000004768371582,0.001,NaN,NaN,NaN,transformer,embedding
2445,12230,NaN,NaN,NaN,NaN,10.488069534301758,11.123706817626953,35884.81640625,transformer,embedding
2464,12325,1.6844899164425442e-07,100.0,1.0000001192092896,0.001,NaN,NaN,NaN,transformer,embedding
2488,12445,6.571208643890714e-08,100.0,1.0000001192092896,0.001,NaN,NaN,NaN,transformer,embedding
2493,12470,NaN,NaN,NaN,NaN,10.351978302001953,11.676349639892578,31318.939453125,transformer,embedding
2512,12565,5.238213773850475e-08,100.0,1.0,0.001,NaN,NaN,NaN,transformer,embedding
2537,12690,5.94272435705534e-08,100.0,1.0,0.001,NaN,NaN,NaN,transformer,embedding
2542,12715,NaN,NaN,NaN,NaN,7.838005542755127,13.844409942626953,2535.1435546875,transformer,embedding
2562,12815,5.98073768287577e-08,100.0,1.0000001192092896,0.001,NaN,NaN,NaN,transformer,embedding
2587,12940,5.8514928014119505e-08,100.0,1.0,0.001,NaN,NaN,NaN,transformer,embedding
2592,12965,NaN,NaN,NaN,NaN,5.785152435302734,15.969959259033203,325.431640625,transformer,embedding
2612,13065,5.2458165811231083e-08,100.0,1.0,0.001,NaN,NaN,NaN,transformer,embedding
2638,13195,4.538771491979787e-08,100.0,1.0,0.001,NaN,NaN,NaN,transformer,embedding
2643,13220,NaN,NaN,NaN,NaN,5.180105209350586,16.89103126525879,177.70150756835938,transformer,embedding
2664,13325,4.624934746289e-08,100.0,1.0,0.001,NaN,NaN,NaN,transformer,embedding
2690,13455,3.839329565380467e-08,100.0,1.0,0.001,NaN,NaN,NaN,transformer,embedding
2695,13480,NaN,NaN,NaN,NaN,4.962025165557861,17.06107521057129,142.8828582763672,transformer,embedding
2716,13585,3.68220831603594e-08,100.0,1.0,0.001,NaN,NaN,NaN,transformer,embedding
2743,13720,3.568168693846019e-08,100.0,1.0,0.001,NaN,NaN,NaN,transformer,embedding
2748,13745,NaN,NaN,NaN,NaN,4.821190357208252,17.14609718322754,124.11273956298828,transformer,embedding
2770,13855,4.58438762507285e-08,100.0,1.0,0.001,NaN,NaN,NaN,transformer,embedding
2797,13990,3.487074096142351e-08,100.0,1.0,0.001,NaN,NaN,NaN,transformer,embedding
2802,14015,NaN,NaN,NaN,NaN,4.785494327545166,17.216947555541992,119.76055145263672,transformer,embedding
2824,14125,3.530155723296957e-08,100.0,1.0,0.001,NaN,NaN,NaN,transformer,embedding
2852,14265,3.5377581752982223e-08,100.0,1.0,0.001,NaN,NaN,NaN,transformer,embedding
2858,14295,NaN,NaN,NaN,NaN,4.747260093688965,17.117755889892578,115.26802825927734,transformer,embedding
2880,14405,3.436390016986479e-08,100.0,1.0,0.001,NaN,NaN,NaN,transformer,embedding
2908,14545,4.630003047623177e-08,100.0,1.0,0.001,NaN,NaN,NaN,transformer,embedding
2915,14580,NaN,NaN,NaN,NaN,4.747572422027588,17.31614112854004,115.30403137207031,transformer,embedding
2937,14690,3.238721291154434e-08,100.0,1.0,0.001,NaN,NaN,NaN,transformer,embedding
2966,14835,4.333500314146477e-08,100.0,1.0,0.001,NaN,NaN,NaN,transformer,embedding
2973,14870,NaN,NaN,NaN,NaN,4.683824062347412,17.216947555541992,108.1829833984375,transformer,embedding
2995,14980,3.071463439141553e-08,100.0,1.0,0.001,NaN,NaN,NaN,transformer,embedding
3024,15125,2.944752885980506e-08,100.0,1.0,0.001,NaN,NaN,NaN,transformer,embedding
3032,15165,NaN,NaN,NaN,NaN,4.720668315887451,17.273630142211914,112.24324035644531,transformer,embedding
3054,15275,3.132284476237146e-08,100.0,1.0,0.001,NaN,NaN,NaN,transformer,embedding
3084,15425,3.1424214341768675e-08,100.0,1.0,0.001,NaN,NaN,NaN,transformer,embedding
3092,15465,NaN,NaN,NaN,NaN,4.6604790687561035,17.216947555541992,105.68669891357422,transformer,embedding
3114,15575,3.1626953500563104e-08,100.0,1.0,0.001,NaN,NaN,NaN,transformer,embedding
3145,15730,2.9472872142832784e-08,100.0,1.0,0.001,NaN,NaN,NaN,transformer,embedding
3153,15770,NaN,NaN,NaN,NaN,4.68640661239624,17.202777862548828,108.46273040771484,transformer,embedding
3176,15885,3.096805656355173e-08,100.0,1.0,0.001,NaN,NaN,NaN,transformer,embedding
3207,16040,2.965026624224265e-08,100.0,1.0,0.001,NaN,NaN,NaN,transformer,embedding
3216,16085,NaN,NaN,NaN,NaN,4.6623148918151855,17.160266876220703,105.88090515136719,transformer,embedding
3239,16200,3.091736999749628e-08,100.0,1.0,0.001,NaN,NaN,NaN,transformer,embedding
3271,16360,2.985300540103708e-08,100.0,1.0,0.001,NaN,NaN,NaN,transformer,embedding
3280,16405,NaN,NaN,NaN,NaN,4.623978614807129,17.103586196899414,101.89864349365234,transformer,embedding
3303,16520,3.4845399454752624e-08,100.0,1.0,0.001,NaN,NaN,NaN,transformer,embedding
3336,16685,3.005574100711783e-08,100.0,1.0,0.001,NaN,NaN,NaN,transformer,embedding
3345,16730,NaN,NaN,NaN,NaN,4.706928253173828,17.202777862548828,110.71155548095703,transformer,embedding
3369,16850,2.7749608833005368e-08,100.0,1.0,0.001,NaN,NaN,NaN,transformer,embedding
3402,17015,2.7850976636045743e-08,100.0,1.0,0.001,NaN,NaN,NaN,transformer,embedding
3411,17060,NaN,NaN,NaN,NaN,4.693409442901611,17.174436569213867,109.22494506835938,transformer,embedding
3436,17185,2.8383160710632183e-08,100.0,1.0,0.001,NaN,NaN,NaN,transformer,embedding
3470,17355,2.7876319919073467e-08,100.0,1.0,0.001,NaN,NaN,NaN,transformer,embedding
3479,17400,NaN,NaN,NaN,NaN,4.651820659637451,17.23111915588379,104.77557373046875,transformer,embedding
3504,17525,2.815508182152371e-08,100.0,1.0,0.001,NaN,NaN,NaN,transformer,embedding
3539,17700,2.8661924389439264e-08,100.0,1.0,0.001,NaN,NaN,NaN,transformer,embedding
3548,17745,NaN,NaN,NaN,NaN,4.676697254180908,17.14609718322754,107.41472625732422,transformer,embedding
3574,17875,2.6634555894133882e-08,100.0,1.0,0.001,NaN,NaN,NaN,transformer,embedding
3609,18050,2.7546871450567778e-08,100.0,1.0,0.001,NaN,NaN,NaN,transformer,embedding
3618,18095,NaN,NaN,NaN,NaN,4.677232265472412,17.216947555541992,107.47220611572266,transformer,embedding
3645,18230,2.8408503993659906e-08,100.0,1.0,0.001,NaN,NaN,NaN,transformer,embedding
3681,18410,2.7065372165679946e-08,100.0,1.0,0.001,NaN,NaN,NaN,transformer,embedding
3690,18455,NaN,NaN,NaN,NaN,4.749300956726074,17.032733917236328,115.5035171508789,transformer,embedding
3717,18590,0.01918550208210945,98.9795913696289,1.019370675086975,0.001,NaN,NaN,NaN,transformer,embedding
3754,18775,0.014411324635148048,99.4047622680664,1.0145156383514404,0.001,NaN,NaN,NaN,transformer,embedding
3763,18820,NaN,NaN,NaN,NaN,11.923799514770508,8.82811450958252,150813.546875,transformer,embedding
3791,18960,0.015157212503254414,99.149658203125,1.015272617340088,0.001,NaN,NaN,NaN,transformer,embedding
3828,19145,0.008680857717990875,99.48979187011719,1.0087186098098755,0.001,NaN,NaN,NaN,transformer,embedding
3838,19195,NaN,NaN,NaN,NaN,12.706669807434082,9.210713386535645,329941.21875,transformer,embedding
3866,19335,0.02220121957361698,98.85203552246094,1.0224494934082031,0.001,NaN,NaN,NaN,transformer,embedding
3904,19525,0.01424290519207716,98.8945541381836,1.0143448114395142,0.001,NaN,NaN,NaN,transformer,embedding
3914,19575,NaN,NaN,NaN,NaN,12.711029052734375,8.601388931274414,331382.65625,transformer,embedding
3943,19720,0.00746808061376214,99.5748291015625,1.0074959993362427,0.001,NaN,NaN,NaN,transformer,embedding
3982,19915,0.003575434209778905,99.65986633300781,1.0035818815231323,0.001,NaN,NaN,NaN,transformer,embedding
3992,19965,NaN,NaN,NaN,NaN,12.82899284362793,8.275471687316895,372872.875,transformer,embedding
4021,20110,0.0074162473902106285,99.61734771728516,1.0074437856674194,0.001,NaN,NaN,NaN,transformer,embedding
4061,20310,2.4992923499667086e-06,100.0,1.0000025033950806,0.001,NaN,NaN,NaN,transformer,embedding
4071,20360,NaN,NaN,NaN,NaN,12.858868598937988,9.564970970153809,384180.8125,transformer,embedding
4101,20510,6.175847033773607e-07,100.0,1.0000005960464478,0.001,NaN,NaN,NaN,transformer,embedding
4142,20715,1.3636585549647862e-07,100.0,1.0000001192092896,0.001,NaN,NaN,NaN,transformer,embedding
4152,20765,NaN,NaN,NaN,NaN,12.5429048538208,10.060932159423828,280100.8125,transformer,embedding
4183,20920,3.177900254058841e-08,100.0,1.0,0.001,NaN,NaN,NaN,transformer,embedding
4224,21125,5.947792658389517e-08,100.0,1.0,0.001,NaN,NaN,NaN,transformer,embedding
4235,21180,NaN,NaN,NaN,NaN,8.068755149841309,12.710783958435059,3193.12451171875,transformer,embedding
4266,21335,6.016216502757743e-08,100.0,1.0000001192092896,0.001,NaN,NaN,NaN,transformer,embedding
4308,21545,5.613276954363755e-08,100.0,1.0,0.001,NaN,NaN,NaN,transformer,embedding
4319,21600,NaN,NaN,NaN,NaN,5.2287397384643555,16.72098731994629,186.5575408935547,transformer,embedding
4351,21760,3.859603125988542e-08,100.0,1.0,0.001,NaN,NaN,NaN,transformer,embedding
4394,21975,3.661934755427865e-08,100.0,1.0,0.001,NaN,NaN,NaN,transformer,embedding
4405,22030,NaN,NaN,NaN,NaN,4.766234874725342,17.174436569213867,117.4760971069336,transformer,embedding
4437,22190,3.917890012417047e-08,100.0,1.0,0.001,NaN,NaN,NaN,transformer,embedding
4481,22410,3.400910841833138e-08,100.0,1.0,0.001,NaN,NaN,NaN,transformer,embedding
4493,22470,NaN,NaN,NaN,NaN,4.686320781707764,17.372821807861328,108.45342254638672,transformer,embedding
4525,22630,3.31981624412947e-08,100.0,1.0,0.001,NaN,NaN,NaN,transformer,embedding
4570,22855,3.469334686201364e-08,100.0,1.0,0.001,NaN,NaN,NaN,transformer,embedding
4582,22915,NaN,NaN,NaN,NaN,4.633747100830078,17.613718032836914,102.89891815185547,transformer,embedding
4615,23080,3.2640635083680536e-08,100.0,1.0,0.001,NaN,NaN,NaN,transformer,embedding
4661,23310,3.2361874957587133e-08,100.0,1.0,0.001,NaN,NaN,NaN,transformer,embedding
4673,23370,NaN,NaN,NaN,NaN,4.545646667480469,17.613718032836914,94.2213363647461,transformer,embedding
4707,23540,3.1018739576893495e-08,100.0,1.0,0.001,NaN,NaN,NaN,transformer,embedding
4754,23775,2.9599583228900883e-08,100.0,1.0,0.001,NaN,NaN,NaN,transformer,embedding
4766,23835,NaN,NaN,NaN,NaN,4.5397114753723145,17.783761978149414,93.66377258300781,transformer,embedding
4801,24010,2.9219449970696587e-08,100.0,1.0,0.001,NaN,NaN,NaN,transformer,embedding
4849,24250,2.782563512937486e-08,100.0,1.0,0.001,NaN,NaN,NaN,transformer,embedding
4861,24310,NaN,NaN,NaN,NaN,4.507032871246338,17.982145309448242,90.6524429321289,transformer,embedding
4897,24490,2.9523556932531392e-08,100.0,1.0,0.001,NaN,NaN,NaN,transformer,embedding
4945,24730,3.0739975898086414e-08,100.0,1.0,0.001,NaN,NaN,NaN,transformer,embedding
4958,24795,NaN,NaN,NaN,NaN,4.51832389831543,18.038827896118164,91.68180084228516,transformer,embedding
4994,24975,2.8155083597880548e-08,100.0,1.0,0.001,NaN,NaN,NaN,transformer,embedding
5043,25220,2.8053714018483333e-08,100.0,1.0,0.001,NaN,NaN,NaN,transformer,embedding
5057,25290,NaN,NaN,NaN,NaN,4.55691385269165,18.067167282104492,95.28894805908203,transformer,embedding
5093,25470,2.8383162486989022e-08,100.0,1.0,0.001,NaN,NaN,NaN,transformer,embedding
5143,25720,2.856055658639889e-08,100.0,1.0,0.001,NaN,NaN,NaN,transformer,embedding
5158,25795,NaN,NaN,NaN,NaN,4.556460857391357,18.024656295776367,95.24579620361328,transformer,embedding
5194,25975,2.6837293276571472e-08,100.0,1.0,0.001,NaN,NaN,NaN,transformer,embedding
5245,26230,2.8484528513672558e-08,100.0,1.0,0.001,NaN,NaN,NaN,transformer,embedding
5261,26310,NaN,NaN,NaN,NaN,4.541007041931152,18.010486602783203,93.78520202636719,transformer,embedding
5297,26490,2.7724265549977645e-08,100.0,1.0,0.001,NaN,NaN,NaN,transformer,embedding
5349,26750,2.83578192039613e-08,100.0,1.0,0.001,NaN,NaN,NaN,transformer,embedding
5366,26835,NaN,NaN,NaN,NaN,4.551858425140381,18.08133888244629,94.80844116210938,transformer,embedding
5402,27015,2.5823608140740362e-08,100.0,1.0,0.001,NaN,NaN,NaN,transformer,embedding
5456,27285,2.7065372165679946e-08,100.0,1.0,0.001,NaN,NaN,NaN,transformer,embedding
5473,27370,NaN,NaN,NaN,NaN,4.543740272521973,17.82627296447754,94.04188537597656,transformer,embedding
5510,27555,2.5038003670374565e-08,100.0,1.0,0.001,NaN,NaN,NaN,transformer,embedding
5565,27830,2.660921261110616e-08,100.0,1.0,0.001,NaN,NaN,NaN,transformer,embedding
5582,27915,NaN,NaN,NaN,NaN,12.112425804138184,9.735014915466309,182120.859375,transformer,embedding
5620,28105,0.020855773240327835,98.9795913696289,1.0210747718811035,0.001,NaN,NaN,NaN,transformer,embedding
5676,28385,0.017259815707802773,99.10713958740234,1.0174096822738647,0.001,NaN,NaN,NaN,transformer,embedding
5693,28470,NaN,NaN,NaN,NaN,13.759029388427734,8.601388931274414,945084.25,transformer,embedding
5732,28665,0.018152916803956032,98.85204315185547,1.0183186531066895,0.001,NaN,NaN,NaN,transformer,embedding
5789,28950,0.013894126750528812,99.27720642089844,1.013991117477417,0.001,NaN,NaN,NaN,transformer,embedding
5806,29035,NaN,NaN,NaN,NaN,13.397923469543457,9.012328147888184,658634.125,transformer,embedding
5846,29235,0.006566939875483513,99.61734771728516,1.0065885782241821,0.001,NaN,NaN,NaN,transformer,embedding
5904,29525,0.0025536110624670982,99.78741455078125,1.0025569200515747,0.001,NaN,NaN,NaN,transformer,embedding
5922,29615,NaN,NaN,NaN,NaN,14.046209335327148,9.479948997497559,1259479.75,transformer,embedding
5963,29820,3.3856961181299994e-06,100.0,1.0000033378601074,0.001,NaN,NaN,NaN,transformer,embedding
6022,30115,3.395579994958098e-07,100.0,1.0000003576278687,0.001,NaN,NaN,NaN,transformer,embedding
6040,30205,NaN,NaN,NaN,NaN,13.50455379486084,9.862547874450684,732745.5625,transformer,embedding
6082,30415,2.9954371427720616e-08,100.0,1.0,0.001,NaN,NaN,NaN,transformer,embedding
6142,30715,7.524072032083495e-08,100.0,1.0000001192092896,0.001,NaN,NaN,NaN,transformer,embedding
6160,30805,NaN,NaN,NaN,NaN,6.989913463592529,13.546833038330078,1085.6275634765625,transformer,embedding
6203,31020,5.727316221282308e-08,100.0,1.0,0.001,NaN,NaN,NaN,transformer,embedding
6265,31330,4.2448032644415434e-08,100.0,1.0,0.001,NaN,NaN,NaN,transformer,embedding
6283,31420,NaN,NaN,NaN,NaN,4.744034290313721,17.188608169555664,114.89679718017578,transformer,embedding
6327,31640,1.7283314335259092e-08,100.0,1.0,0.001,NaN,NaN,NaN,transformer,embedding
6390,31955,3.824124306106569e-08,100.0,1.0,0.001,NaN,NaN,NaN,transformer,embedding
6408,32045,NaN,NaN,NaN,NaN,4.537003040313721,17.727079391479492,93.41043090820312,transformer,embedding
6453,32270,3.342623955404633e-08,100.0,1.0,0.001,NaN,NaN,NaN,transformer,embedding
6517,32590,3.352760913344355e-08,100.0,1.0,0.001,NaN,NaN,NaN,transformer,embedding
6536,32685,NaN,NaN,NaN,NaN,4.437557220458984,17.48618507385254,84.56810760498047,transformer,embedding
6582,32915,3.0689292884744646e-08,100.0,1.0,0.001,NaN,NaN,NaN,transformer,embedding
6647,33240,3.4313217156523024e-08,100.0,1.0,0.001,NaN,NaN,NaN,transformer,embedding
6666,33335,NaN,NaN,NaN,NaN,4.395539283752441,17.755420684814453,81.08834838867188,transformer,embedding
6713,33570,2.965026624224265e-08,100.0,1.0,0.001,NaN,NaN,NaN,transformer,embedding
6780,33905,2.982766034165252e-08,100.0,1.0,0.001,NaN,NaN,NaN,transformer,embedding
6799,34000,NaN,NaN,NaN,NaN,4.405608654022217,17.982145309448242,81.90898132324219,transformer,embedding
6847,34240,2.957423994587316e-08,100.0,1.0,0.001,NaN,NaN,NaN,transformer,embedding
6915,34580,2.7774950339676252e-08,100.0,1.0,0.001,NaN,NaN,NaN,transformer,embedding
6934,34675,NaN,NaN,NaN,NaN,4.399197578430176,17.925464630126953,81.38553619384766,transformer,embedding
6984,34925,0.023383500054478645,98.93707275390625,1.0236589908599854,0.001,NaN,NaN,NaN,transformer,embedding
7053,35270,0.011216455139219761,99.23469543457031,1.011279582977295,0.001,NaN,NaN,NaN,transformer,embedding
7072,35365,NaN,NaN,NaN,NaN,14.565742492675781,8.360493659973145,2117491.0,transformer,embedding
7123,35620,0.01035231538116932,99.36224365234375,1.0104061365127563,0.001,NaN,NaN,NaN,transformer,embedding
7194,35975,0.0046929833479225636,99.78741455078125,1.0047039985656738,0.001,NaN,NaN,NaN,transformer,embedding
7213,36070,NaN,NaN,NaN,NaN,14.425036430358887,8.048746109008789,1839559.0,transformer,embedding
7265,36330,0.0049862186424434185,99.70237731933594,1.0049986839294434,0.001,NaN,NaN,NaN,transformer,embedding
7337,36690,0.026790127158164978,98.80952453613281,1.027152180671692,0.001,NaN,NaN,NaN,transformer,embedding
7357,36790,NaN,NaN,NaN,NaN,13.963408470153809,8.261301040649414,1159394.5,transformer,embedding
7410,37055,0.010028584860265255,99.48979949951172,1.010079026222229,0.001,NaN,NaN,NaN,transformer,embedding
7484,37425,0.0001973933249246329,100.0,1.000197410583496,0.001,NaN,NaN,NaN,transformer,embedding
7504,37525,NaN,NaN,NaN,NaN,14.268083572387695,8.870625495910645,1572352.625,transformer,embedding
7558,37795,1.5539751530013746e-07,100.0,1.0000001192092896,0.001,NaN,NaN,NaN,transformer,embedding
7633,38170,3.8748083852624404e-08,100.0,1.0,0.001,NaN,NaN,NaN,transformer,embedding
7654,38275,NaN,NaN,NaN,NaN,10.81118392944336,9.409097671508789,49572.125,transformer,embedding
7709,38550,6.462237678306337e-08,100.0,1.0000001192092896,0.001,NaN,NaN,NaN,transformer,embedding
7786,38935,4.761782435025452e-08,100.0,1.0,0.001,NaN,NaN,NaN,transformer,embedding
7807,39040,NaN,NaN,NaN,NaN,4.9207868576049805,15.771574974060059,137.11045837402344,transformer,embedding
7863,39320,4.477950454884194e-08,100.0,1.0,0.001,NaN,NaN,NaN,transformer,embedding
7941,39710,3.786110980286139e-08,100.0,1.0,0.001,NaN,NaN,NaN,transformer,embedding
7963,39820,NaN,NaN,NaN,NaN,4.489828109741211,16.565113067626953,89.10612487792969,transformer,embedding
8020,40105,3.5985792123938154e-08,100.0,1.0,0.001,NaN,NaN,NaN,transformer,embedding
8100,40505,0.026446223258972168,98.9795913696289,1.0267990827560425,0.001,NaN,NaN,NaN,transformer,embedding
8122,40615,NaN,NaN,NaN,NaN,16.55366325378418,9.536630630493164,15458402.0,transformer,embedding
8181,40910,3.6053810958946997e-07,100.0,1.0000003576278687,0.001,NaN,NaN,NaN,transformer,embedding
8262,41315,1.8119605371680336e-08,100.0,1.0,0.001,NaN,NaN,NaN,transformer,embedding
8284,41425,NaN,NaN,NaN,NaN,15.320252418518066,10.060932159423828,4502991.0,transformer,embedding
8344,41725,3.9964504594536265e-08,100.0,1.0,0.001,NaN,NaN,NaN,transformer,embedding
8427,42140,3.943231874359299e-08,100.0,1.0,0.001,NaN,NaN,NaN,transformer,embedding
8449,42250,NaN,NaN,NaN,NaN,4.737226963043213,16.480091094970703,114.1173095703125,transformer,embedding
8511,42560,3.753166311071254e-08,100.0,1.0,0.001,NaN,NaN,NaN,transformer,embedding
8596,42985,0.018150832504034042,99.23469543457031,1.0183165073394775,0.001,NaN,NaN,NaN,transformer,embedding
8617,43090,NaN,NaN,NaN,NaN,13.203965187072754,10.330168724060059,542511.8125,transformer,embedding
8681,43410,1.7161637799745222e-07,100.0,1.0000001192092896,0.001,NaN,NaN,NaN,transformer,embedding
8767,43840,4.229598005167645e-08,100.0,1.0,0.001,NaN,NaN,NaN,transformer,embedding
8789,43950,NaN,NaN,NaN,NaN,8.138897895812988,12.228992462158203,3425.140869140625,transformer,embedding
8854,44275,4.376582296572451e-08,100.0,1.0,0.001,NaN,NaN,NaN,transformer,embedding
8942,44715,3.461659071035683e-05,100.0,1.0000345706939697,0.001,NaN,NaN,NaN,transformer,embedding
8964,44825,NaN,NaN,NaN,NaN,13.295747756958008,9.720845222473145,594661.5625,transformer,embedding
9031,45160,7.76734907503851e-08,100.0,1.0000001192092896,0.001,NaN,NaN,NaN,transformer,embedding
9121,45610,4.2777479336564284e-08,100.0,1.0,0.001,NaN,NaN,NaN,transformer,embedding
9143,45720,NaN,NaN,NaN,NaN,6.313903331756592,13.702707290649414,552.1961669921875,transformer,embedding
9212,46065,4.1180925336448126e-08,100.0,1.0,0.001,NaN,NaN,NaN,transformer,embedding
9304,46525,0.01121797226369381,99.3197250366211,1.011281132698059,0.001,NaN,NaN,NaN,transformer,embedding
9325,46630,NaN,NaN,NaN,NaN,11.862736701965332,8.672240257263184,141879.96875,transformer,embedding
9397,46990,0.007389984559267759,99.5748291015625,1.0074173212051392,0.001,NaN,NaN,NaN,transformer,embedding
9490,47455,0.004477612674236298,99.70238494873047,1.0044876337051392,0.001,NaN,NaN,NaN,transformer,embedding
9511,47560,NaN,NaN,NaN,NaN,12.812917709350586,8.14793872833252,366926.8125,transformer,embedding
9584,47925,0.004832408390939236,99.65986633300781,1.004844069480896,0.001,NaN,NaN,NaN,transformer,embedding
9679,48400,1.7298506804763747e-07,100.0,1.0000001192092896,0.001,NaN,NaN,NaN,transformer,embedding
9701,48510,NaN,NaN,NaN,NaN,12.504338264465332,9.692503929138184,269503.9375,transformer,embedding
9775,48880,8.322348321598838e-08,100.0,1.0000001192092896,0.001,NaN,NaN,NaN,transformer,embedding
9872,49365,4.680687482050416e-08,100.0,1.0,0.001,NaN,NaN,NaN,transformer,embedding
9895,49480,NaN,NaN,NaN,NaN,4.695126533508301,16.097492218017578,109.41265106201172,transformer,embedding
9970,49855,8.235029963543639e-05,100.0,1.0000823736190796,0.001,NaN,NaN,NaN,transformer,embedding
10069,50350,6.262030893822157e-08,100.0,1.0000001192092896,0.001,NaN,NaN,NaN,transformer,embedding
10092,50465,NaN,NaN,NaN,NaN,12.798008918762207,10.259317398071289,361496.96875,transformer,embedding
10169,50850,5.0253401440158996e-08,100.0,1.0,0.001,NaN,NaN,NaN,transformer,embedding
10270,51355,4.6756191807162395e-08,100.0,1.0,0.001,NaN,NaN,NaN,transformer,embedding
10293,51470,NaN,NaN,NaN,NaN,4.5037455558776855,16.834348678588867,90.35492706298828,transformer,embedding
10372,51865,1.8145483409170993e-06,100.0,1.0000017881393433,0.001,NaN,NaN,NaN,transformer,embedding
10475,52380,2.620373784623098e-08,100.0,1.0,0.001,NaN,NaN,NaN,transformer,embedding
10498,52495,NaN,NaN,NaN,NaN,13.3358736038208,10.117613792419434,619008.0625,transformer,embedding
10579,52900,5.494169386111025e-08,100.0,1.0,0.001,NaN,NaN,NaN,transformer,embedding
10684,53425,8.837148470774991e-07,100.0,1.0000008344650269,0.001,NaN,NaN,NaN,transformer,embedding
10707,53540,NaN,NaN,NaN,NaN,12.385198593139648,10.556894302368164,239234.28125,transformer,embedding
10790,53955,3.836794348899275e-08,100.0,1.0,0.001,NaN,NaN,NaN,transformer,embedding
10897,54490,5.585400586483047e-08,100.0,1.0,0.001,NaN,NaN,NaN,transformer,embedding
10921,54610,NaN,NaN,NaN,NaN,11.387226104736328,8.898965835571289,88187.9921875,transformer,embedding
11005,55030,1.871257495622558e-07,100.0,1.000000238418579,0.001,NaN,NaN,NaN,transformer,embedding
11115,55580,5.0380112526227094e-08,100.0,1.0,0.001,NaN,NaN,NaN,transformer,embedding
11139,55700,NaN,NaN,NaN,NaN,5.747684001922607,14.963866233825684,313.4638366699219,transformer,embedding
11226,56135,2.2203441858437145e-06,100.0,1.0000022649765015,0.001,NaN,NaN,NaN,transformer,embedding
11338,56695,7.301057536324151e-08,100.0,1.0000001192092896,0.001,NaN,NaN,NaN,transformer,embedding
11361,56810,NaN,NaN,NaN,NaN,9.003355026245117,11.690520286560059,8130.3154296875,transformer,embedding
11451,57260,4.97465570958866e-08,100.0,1.0,0.001,NaN,NaN,NaN,transformer,embedding
11565,57830,3.024572379217716e-07,100.0,1.0000003576278687,0.001,NaN,NaN,NaN,transformer,embedding
11588,57945,NaN,NaN,NaN,NaN,11.015654563903809,10.230976104736328,60818.8203125,transformer,embedding
11680,58405,5.423211391075711e-08,100.0,1.0,0.001,NaN,NaN,NaN,transformer,embedding
11796,58985,0.002060333266854286,99.87245178222656,1.002062439918518,0.001,NaN,NaN,NaN,transformer,embedding
11819,59100,NaN,NaN,NaN,NaN,10.657064437866211,10.004251480102539,42491.71875,transformer,embedding
11913,59570,3.649262936278319e-08,100.0,1.0,0.001,NaN,NaN,NaN,transformer,embedding
12032,60165,5.1393794109344526e-08,100.0,1.0,0.001,NaN,NaN,NaN,transformer,embedding
12055,60280,NaN,NaN,NaN,NaN,11.250900268554688,9.16820240020752,76949.1640625,transformer,embedding
12152,60765,1.1056755511162919e-07,100.0,1.0000001192092896,0.001,NaN,NaN,NaN,transformer,embedding
12273,61370,6.822095599545719e-08,100.0,1.0000001192092896,0.001,NaN,NaN,NaN,transformer,embedding
12296,61485,NaN,NaN,NaN,NaN,5.3963470458984375,15.856596946716309,220.59910583496094,transformer,embedding
12395,61980,2.7153993187312153e-07,100.0,1.000000238418579,0.001,NaN,NaN,NaN,transformer,embedding
12518,62595,7.080585362473357e-08,100.0,1.0000001192092896,0.001,NaN,NaN,NaN,transformer,embedding
12541,62710,NaN,NaN,NaN,NaN,5.631631851196289,14.567096710205078,279.1172180175781,transformer,embedding
12643,63220,3.2802711302792886e-07,100.0,1.0000003576278687,0.001,NaN,NaN,NaN,transformer,embedding
12769,63850,7.146474700903127e-08,100.0,1.0000001192092896,0.001,NaN,NaN,NaN,transformer,embedding
12791,63960,NaN,NaN,NaN,NaN,5.700133323669434,15.105568885803223,298.9072570800781,transformer,embedding
12896,64485,0.015850303694605827,99.10713958740234,1.0159765481948853,0.001,NaN,NaN,NaN,transformer,embedding
13024,65125,0.003247974207624793,99.7448959350586,1.0032532215118408,0.001,NaN,NaN,NaN,transformer,embedding
13046,65235,NaN,NaN,NaN,NaN,10.030987739562988,8.374663352966309,22719.701171875,transformer,embedding
13154,65775,1.4009737014930579e-06,100.0,1.0000014305114746,0.001,NaN,NaN,NaN,transformer,embedding
13285,66430,9.989859250936206e-08,100.0,1.0000001192092896,0.001,NaN,NaN,NaN,transformer,embedding
13306,66535,NaN,NaN,NaN,NaN,6.387965202331543,13.206745147705078,594.6453857421875,transformer,embedding
13417,67090,5.448552897746595e-08,100.0,1.0,0.001,NaN,NaN,NaN,transformer,embedding
13551,67760,4.779521844966439e-08,100.0,1.0,0.001,NaN,NaN,NaN,transformer,embedding
13572,67865,NaN,NaN,NaN,NaN,4.4003586769104,16.791837692260742,81.48008728027344,transformer,embedding
13686,68435,3.6948794246427497e-08,100.0,1.0,0.001,NaN,NaN,NaN,transformer,embedding
13822,69115,3.099339807022261e-08,100.0,1.0,0.001,NaN,NaN,NaN,transformer,embedding
13843,69220,NaN,NaN,NaN,NaN,4.184024333953857,16.80600929260254,65.62944030761719,transformer,embedding
13960,69805,1.0567644892489625e-07,100.0,1.0000001192092896,0.001,NaN,NaN,NaN,transformer,embedding
14099,70500,4.1586400101323306e-08,100.0,1.0,0.001,NaN,NaN,NaN,transformer,embedding
14119,70600,NaN,NaN,NaN,NaN,4.725778102874756,16.026639938354492,112.81824493408203,transformer,embedding
14239,71200,3.426253059046758e-08,100.0,1.0,0.001,NaN,NaN,NaN,transformer,embedding
14381,71910,3.117079216963248e-08,100.0,1.0,0.001,NaN,NaN,NaN,transformer,embedding
14401,72010,NaN,NaN,NaN,NaN,4.1946611404418945,17.046903610229492,66.33125305175781,transformer,embedding
14524,72625,0.008825109340250492,99.48979187011719,1.008864164352417,0.001,NaN,NaN,NaN,transformer,embedding
14669,73350,0.004063014406710863,99.70237731933594,1.0040712356567383,0.001,NaN,NaN,NaN,transformer,embedding
14689,73450,NaN,NaN,NaN,NaN,11.026115417480469,7.977894306182861,61458.375,transformer,embedding
14815,74080,0.004402000457048416,99.7448959350586,1.0044116973876953,0.001,NaN,NaN,NaN,transformer,embedding
14963,74820,0.009206640534102917,99.48979187011719,1.009249210357666,0.001,NaN,NaN,NaN,transformer,embedding
14982,74915,NaN,NaN,NaN,NaN,12.152853965759277,9.437438011169434,189634.53125,transformer,embedding
15112,75565,1.7232633098274164e-08,100.0,1.0,0.001,NaN,NaN,NaN,transformer,embedding
15263,76320,5.3345139860994095e-08,100.0,1.0,0.001,NaN,NaN,NaN,transformer,embedding
15281,76410,NaN,NaN,NaN,NaN,4.751582145690918,15.984129905700684,115.76730346679688,transformer,embedding
15415,77080,3.550429283905032e-08,100.0,1.0,0.001,NaN,NaN,NaN,transformer,embedding
15569,77850,3.094271505688084e-08,100.0,1.0,0.001,NaN,NaN,NaN,transformer,embedding
15586,77935,NaN,NaN,NaN,NaN,4.178201675415039,16.834348678588867,65.2484130859375,transformer,embedding
15724,78625,3.053724029200566e-08,100.0,1.0,0.001,NaN,NaN,NaN,transformer,embedding
15881,79410,2.9118082167656212e-08,100.0,1.0,0.001,NaN,NaN,NaN,transformer,embedding
15897,79490,NaN,NaN,NaN,NaN,4.1235432624816895,17.075244903564453,61.777748107910156,transformer,embedding
16039,80200,0.009087419137358665,99.53231048583984,1.0091288089752197,0.001,NaN,NaN,NaN,transformer,embedding
16199,81000,1.559550639740337e-07,100.0,1.0000001192092896,0.001,NaN,NaN,NaN,transformer,embedding
16214,81075,NaN,NaN,NaN,NaN,12.644474983215332,10.060932159423828,310045.6875,transformer,embedding
16360,81805,3.8291926074407456e-08,100.0,1.0,0.001,NaN,NaN,NaN,transformer,embedding
16523,82620,1.357321366413089e-07,100.0,1.0000001192092896,0.001,NaN,NaN,NaN,transformer,embedding
16538,82695,NaN,NaN,NaN,NaN,12.019664764404297,10.188465118408203,165987.0,transformer,embedding
16688,83445,5.144448067539997e-08,100.0,1.0,0.001,NaN,NaN,NaN,transformer,embedding
16854,84275,4.2828155244478694e-08,100.0,1.0,0.001,NaN,NaN,NaN,transformer,embedding
16868,84345,NaN,NaN,NaN,NaN,12.178948402404785,10.344339370727539,194648.0625,transformer,embedding
17022,85115,3.677140014701763e-08,100.0,1.0,0.001,NaN,NaN,NaN,transformer,embedding
17192,85965,0.00526080559939146,99.61734771728516,1.0052746534347534,0.001,NaN,NaN,NaN,transformer,embedding
17205,86030,NaN,NaN,NaN,NaN,11.48621940612793,9.649992942810059,97364.7421875,transformer,embedding
17363,86820,2.153062581555787e-07,100.0,1.000000238418579,0.001,NaN,NaN,NaN,transformer,embedding
17536,87685,5.5347161520558075e-08,100.0,1.0,0.001,NaN,NaN,NaN,transformer,embedding
17549,87750,NaN,NaN,NaN,NaN,4.77480936050415,16.140003204345703,118.48772430419922,transformer,embedding
17711,88560,3.692345273975661e-08,100.0,1.0,0.001,NaN,NaN,NaN,transformer,embedding
17888,89445,3.0765320957470976e-08,100.0,1.0,0.001,NaN,NaN,NaN,transformer,embedding
17899,89500,NaN,NaN,NaN,NaN,4.133365631103516,17.386991500854492,62.387542724609375,transformer,embedding
18066,90335,3.0816003970812744e-08,100.0,1.0,0.001,NaN,NaN,NaN,transformer,embedding
18246,91235,2.8687265896110148e-08,100.0,1.0,0.001,NaN,NaN,NaN,transformer,embedding
18256,91285,NaN,NaN,NaN,NaN,4.072443962097168,17.57120704650879,58.70024871826172,transformer,embedding
18428,92145,0.005201349966228008,99.65985870361328,1.0052149295806885,0.001,NaN,NaN,NaN,transformer,embedding
18612,93065,9.650269561234381e-08,100.0,1.0000001192092896,0.001,NaN,NaN,NaN,transformer,embedding
18621,93110,NaN,NaN,NaN,NaN,12.078983306884766,10.571063995361328,176131.0,transformer,embedding
18798,93995,3.97871104951264e-08,100.0,1.0,0.001,NaN,NaN,NaN,transformer,embedding
18985,94930,1.49315468433997e-07,100.0,1.0000001192092896,0.001,NaN,NaN,NaN,transformer,embedding
18993,94970,NaN,NaN,NaN,NaN,12.597455024719238,10.684427261352539,295804.78125,transformer,embedding
19174,95875,0.02250005304813385,98.93707275390625,1.0227551460266113,0.001,NaN,NaN,NaN,transformer,embedding
19365,96830,4.214392745893747e-08,100.0,1.0,0.001,NaN,NaN,NaN,transformer,embedding
19372,96865,NaN,NaN,NaN,NaN,7.085760593414307,13.674365997314453,1194.8316650390625,transformer,embedding
19558,97795,6.200152142810111e-07,100.0,1.0000005960464478,0.001,NaN,NaN,NaN,transformer,embedding
19753,98770,3.2716663156406867e-08,100.0,1.0,0.001,NaN,NaN,NaN,transformer,embedding
19759,98800,NaN,NaN,NaN,NaN,4.5455121994018555,17.188608169555664,94.20867156982422,transformer,embedding
19950,99755,4.8175348155155007e-08,100.0,1.0,0.001,NaN,NaN,NaN,transformer,embedding
